0, 0.26353790613718414, 0.2611111111111111, 0.25842696629213485
1, 0.26353790613718414, 0.2611111111111111, 0.25842696629213485
2, 0.26353790613718414, 0.2611111111111111, 0.25842696629213485
3, 0.26353790613718414, 0.2611111111111111, 0.25842696629213485
4, 0.26353790613718414, 0.2611111111111111, 0.25842696629213485
5, 0.26353790613718414, 0.2611111111111111, 0.25842696629213485
6, 0.26353790613718414, 0.2611111111111111, 0.25842696629213485
7, 0.26353790613718414, 0.2611111111111111, 0.25842696629213485
8, 0.26353790613718414, 0.2611111111111111, 0.25842696629213485
9, 0.26353790613718414, 0.2611111111111111, 0.25842696629213485
10, 0.26353790613718414, 0.2611111111111111, 0.25842696629213485
11, 0.26353790613718414, 0.2611111111111111, 0.25842696629213485
12, 0.26353790613718414, 0.2611111111111111, 0.25842696629213485
13, 0.26353790613718414, 0.2611111111111111, 0.25842696629213485
14, 0.26353790613718414, 0.2611111111111111, 0.25842696629213485
15, 0.26353790613718414, 0.2611111111111111, 0.25842696629213485
16, 0.26353790613718414, 0.2611111111111111, 0.25842696629213485
17, 0.26353790613718414, 0.2611111111111111, 0.25842696629213485
18, 0.26353790613718414, 0.2611111111111111, 0.25842696629213485
19, 0.2292418772563177, 0.23333333333333334, 0.2303370786516854
20, 0.2292418772563177, 0.23333333333333334, 0.2303370786516854
21, 0.2292418772563177, 0.23333333333333334, 0.2303370786516854
22, 0.2292418772563177, 0.23333333333333334, 0.2303370786516854
23, 0.2292418772563177, 0.23333333333333334, 0.2303370786516854
24, 0.2292418772563177, 0.23333333333333334, 0.2303370786516854
25, 0.2292418772563177, 0.23333333333333334, 0.2303370786516854
26, 0.2292418772563177, 0.23333333333333334, 0.2303370786516854
27, 0.2292418772563177, 0.23333333333333334, 0.2303370786516854
28, 0.2292418772563177, 0.23333333333333334, 0.2303370786516854
29, 0.2292418772563177, 0.23333333333333334, 0.2303370786516854
30, 0.2292418772563177, 0.23333333333333334, 0.2303370786516854
31, 0.2292418772563177, 0.23333333333333334, 0.2303370786516854
32, 0.2292418772563177, 0.23333333333333334, 0.2303370786516854
33, 0.2292418772563177, 0.23333333333333334, 0.2303370786516854
34, 0.2292418772563177, 0.23333333333333334, 0.2303370786516854
35, 0.2292418772563177, 0.23333333333333334, 0.2303370786516854
36, 0.2292418772563177, 0.23333333333333334, 0.2303370786516854
37, 0.2292418772563177, 0.23333333333333334, 0.2303370786516854
38, 0.2292418772563177, 0.23333333333333334, 0.2303370786516854
39, 0.2292418772563177, 0.23333333333333334, 0.2303370786516854
40, 0.2292418772563177, 0.23333333333333334, 0.2303370786516854
41, 0.2292418772563177, 0.23333333333333334, 0.2303370786516854
42, 0.2292418772563177, 0.23333333333333334, 0.2303370786516854
43, 0.2292418772563177, 0.23333333333333334, 0.2303370786516854
44, 0.2292418772563177, 0.23333333333333334, 0.2303370786516854
45, 0.2292418772563177, 0.23333333333333334, 0.2303370786516854
46, 0.2292418772563177, 0.23333333333333334, 0.2303370786516854
47, 0.2292418772563177, 0.23333333333333334, 0.2303370786516854
48, 0.2292418772563177, 0.23333333333333334, 0.2303370786516854
49, 0.2292418772563177, 0.23333333333333334, 0.2303370786516854
50, 0.2292418772563177, 0.23333333333333334, 0.2303370786516854
51, 0.2292418772563177, 0.23333333333333334, 0.2303370786516854
52, 0.2292418772563177, 0.23333333333333334, 0.2303370786516854
53, 0.2292418772563177, 0.23333333333333334, 0.2303370786516854
54, 0.2292418772563177, 0.23333333333333334, 0.2303370786516854
55, 0.2292418772563177, 0.23333333333333334, 0.2303370786516854
56, 0.2292418772563177, 0.23333333333333334, 0.2303370786516854
57, 0.2292418772563177, 0.23333333333333334, 0.2303370786516854
58, 0.2292418772563177, 0.23333333333333334, 0.2303370786516854
59, 0.2292418772563177, 0.23333333333333334, 0.2303370786516854
60, 0.2292418772563177, 0.23333333333333334, 0.2303370786516854
61, 0.2292418772563177, 0.23333333333333334, 0.2303370786516854
62, 0.2292418772563177, 0.23333333333333334, 0.2303370786516854
63, 0.2292418772563177, 0.23333333333333334, 0.2303370786516854
64, 0.2292418772563177, 0.23333333333333334, 0.2303370786516854
65, 0.2292418772563177, 0.23333333333333334, 0.2303370786516854
66, 0.2292418772563177, 0.23333333333333334, 0.2303370786516854
67, 0.2292418772563177, 0.23333333333333334, 0.2303370786516854
68, 0.2292418772563177, 0.23333333333333334, 0.2303370786516854
69, 0.2292418772563177, 0.23333333333333334, 0.2303370786516854
70, 0.2292418772563177, 0.23333333333333334, 0.2303370786516854
71, 0.2292418772563177, 0.23333333333333334, 0.2303370786516854
72, 0.2292418772563177, 0.23333333333333334, 0.2303370786516854
73, 0.2292418772563177, 0.23333333333333334, 0.2303370786516854
74, 0.2292418772563177, 0.23333333333333334, 0.2303370786516854
75, 0.2292418772563177, 0.23333333333333334, 0.2303370786516854
76, 0.2292418772563177, 0.23333333333333334, 0.2303370786516854
77, 0.2292418772563177, 0.23333333333333334, 0.2303370786516854
78, 0.2292418772563177, 0.23333333333333334, 0.2303370786516854
79, 0.2292418772563177, 0.23333333333333334, 0.2303370786516854
80, 0.2292418772563177, 0.23333333333333334, 0.2303370786516854
81, 0.2292418772563177, 0.23333333333333334, 0.2303370786516854
82, 0.2292418772563177, 0.23333333333333334, 0.2303370786516854
83, 0.2292418772563177, 0.23333333333333334, 0.2303370786516854
84, 0.2292418772563177, 0.23333333333333334, 0.2303370786516854
85, 0.2292418772563177, 0.23333333333333334, 0.2303370786516854
86, 0.2292418772563177, 0.23333333333333334, 0.2303370786516854
87, 0.2292418772563177, 0.23333333333333334, 0.2303370786516854
88, 0.2292418772563177, 0.23333333333333334, 0.2303370786516854
89, 0.2292418772563177, 0.23333333333333334, 0.2303370786516854
90, 0.2292418772563177, 0.23333333333333334, 0.2303370786516854
91, 0.2292418772563177, 0.23333333333333334, 0.2303370786516854
92, 0.2292418772563177, 0.23333333333333334, 0.2303370786516854
93, 0.2292418772563177, 0.23333333333333334, 0.2303370786516854
94, 0.2292418772563177, 0.23333333333333334, 0.2303370786516854
95, 0.2292418772563177, 0.23333333333333334, 0.2303370786516854
96, 0.2292418772563177, 0.23333333333333334, 0.2303370786516854
97, 0.2292418772563177, 0.23333333333333334, 0.2303370786516854
98, 0.2292418772563177, 0.23333333333333334, 0.2303370786516854
99, 0.2292418772563177, 0.23333333333333334, 0.2303370786516854
100, 0.2292418772563177, 0.23333333333333334, 0.2303370786516854
101, 0.2292418772563177, 0.23333333333333334, 0.2303370786516854
102, 0.2328519855595668, 0.23333333333333334, 0.2303370786516854
103, 0.24007220216606498, 0.25555555555555554, 0.23595505617977527
104, 0.2490974729241877, 0.2777777777777778, 0.24719101123595505
105, 0.26353790613718414, 0.28888888888888886, 0.2640449438202247
106, 0.2833935018050541, 0.31666666666666665, 0.30337078651685395
107, 0.30144404332129965, 0.3388888888888889, 0.3202247191011236
108, 0.31227436823104693, 0.34444444444444444, 0.33146067415730335
109, 0.3267148014440433, 0.34444444444444444, 0.34831460674157305
110, 0.33754512635379064, 0.35555555555555557, 0.3539325842696629
111, 0.34657039711191334, 0.35555555555555557, 0.3651685393258427
112, 0.351985559566787, 0.37222222222222223, 0.3651685393258427
113, 0.35018050541516244, 0.37777777777777777, 0.3651685393258427
114, 0.35018050541516244, 0.37777777777777777, 0.3651685393258427
115, 0.3574007220216607, 0.37777777777777777, 0.3539325842696629
116, 0.3592057761732852, 0.37777777777777777, 0.3539325842696629
117, 0.36101083032490977, 0.37777777777777777, 0.3595505617977528
118, 0.36101083032490977, 0.37777777777777777, 0.3595505617977528
119, 0.36462093862815886, 0.37777777777777777, 0.34831460674157305
120, 0.36823104693140796, 0.37777777777777777, 0.34831460674157305
121, 0.3700361010830325, 0.37777777777777777, 0.34831460674157305
122, 0.37184115523465705, 0.38333333333333336, 0.3539325842696629
123, 0.37184115523465705, 0.38333333333333336, 0.3539325842696629
124, 0.37184115523465705, 0.3888888888888889, 0.3595505617977528
125, 0.37364620938628157, 0.3888888888888889, 0.3539325842696629
126, 0.37725631768953066, 0.3888888888888889, 0.3539325842696629
127, 0.37545126353790614, 0.3888888888888889, 0.3539325842696629
128, 0.37545126353790614, 0.3888888888888889, 0.3539325842696629
129, 0.37545126353790614, 0.39444444444444443, 0.3539325842696629
130, 0.37725631768953066, 0.39444444444444443, 0.3539325842696629
131, 0.38267148014440433, 0.39444444444444443, 0.3539325842696629
132, 0.3844765342960289, 0.39444444444444443, 0.3595505617977528
133, 0.3844765342960289, 0.39444444444444443, 0.3595505617977528
134, 0.3862815884476534, 0.39444444444444443, 0.3651685393258427
135, 0.3844765342960289, 0.4, 0.3707865168539326
136, 0.3862815884476534, 0.4, 0.3707865168539326
137, 0.388086642599278, 0.4, 0.3707865168539326
138, 0.3916967509025271, 0.40555555555555556, 0.3707865168539326
139, 0.3935018050541516, 0.40555555555555556, 0.3707865168539326
140, 0.3935018050541516, 0.40555555555555556, 0.37640449438202245
141, 0.3935018050541516, 0.40555555555555556, 0.37640449438202245
142, 0.3953068592057762, 0.40555555555555556, 0.38764044943820225
143, 0.3971119133574007, 0.40555555555555556, 0.38764044943820225
144, 0.3989169675090253, 0.40555555555555556, 0.38764044943820225
145, 0.3989169675090253, 0.40555555555555556, 0.39325842696629215
146, 0.3989169675090253, 0.40555555555555556, 0.39325842696629215
147, 0.4007220216606498, 0.40555555555555556, 0.39325842696629215
148, 0.4007220216606498, 0.40555555555555556, 0.39325842696629215
149, 0.4007220216606498, 0.40555555555555556, 0.39325842696629215
150, 0.4043321299638989, 0.40555555555555556, 0.38764044943820225
151, 0.40252707581227437, 0.40555555555555556, 0.38764044943820225
152, 0.40613718411552346, 0.40555555555555556, 0.38764044943820225
153, 0.40613718411552346, 0.40555555555555556, 0.38764044943820225
154, 0.40613718411552346, 0.40555555555555556, 0.38764044943820225
155, 0.40974729241877256, 0.40555555555555556, 0.39325842696629215
156, 0.41155234657039713, 0.40555555555555556, 0.39325842696629215
157, 0.41335740072202165, 0.40555555555555556, 0.39325842696629215
158, 0.41335740072202165, 0.40555555555555556, 0.39325842696629215
159, 0.41335740072202165, 0.40555555555555556, 0.38764044943820225
160, 0.41155234657039713, 0.40555555555555556, 0.39325842696629215
161, 0.40794223826714804, 0.40555555555555556, 0.39325842696629215
162, 0.40794223826714804, 0.40555555555555556, 0.4101123595505618
163, 0.40974729241877256, 0.40555555555555556, 0.4101123595505618
164, 0.41335740072202165, 0.4111111111111111, 0.4101123595505618
165, 0.41696750902527074, 0.4111111111111111, 0.4101123595505618
166, 0.4187725631768953, 0.4111111111111111, 0.4101123595505618
167, 0.42057761732851984, 0.4166666666666667, 0.4157303370786517
168, 0.42057761732851984, 0.4166666666666667, 0.4157303370786517
169, 0.4223826714801444, 0.4222222222222222, 0.4157303370786517
170, 0.427797833935018, 0.4222222222222222, 0.4157303370786517
171, 0.4296028880866426, 0.4222222222222222, 0.42134831460674155
172, 0.43862815884476536, 0.42777777777777776, 0.42134831460674155
173, 0.44223826714801445, 0.43333333333333335, 0.4157303370786517
174, 0.44765342960288806, 0.4388888888888889, 0.42696629213483145
175, 0.4584837545126354, 0.4444444444444444, 0.43258426966292135
176, 0.47653429602888087, 0.4444444444444444, 0.43258426966292135
177, 0.48736462093862815, 0.45555555555555555, 0.4438202247191011
178, 0.4963898916967509, 0.46111111111111114, 0.4550561797752809
179, 0.516245487364621, 0.46111111111111114, 0.47752808988764045
180, 0.5180505415162455, 0.4666666666666667, 0.4887640449438202
181, 0.5306859205776173, 0.4666666666666667, 0.5056179775280899
182, 0.5361010830324909, 0.4666666666666667, 0.5056179775280899
183, 0.5451263537906137, 0.4666666666666667, 0.5056179775280899
184, 0.5487364620938628, 0.4888888888888889, 0.5168539325842697
185, 0.5505415162454874, 0.49444444444444446, 0.5224719101123596
186, 0.5505415162454874, 0.49444444444444446, 0.5224719101123596
187, 0.555956678700361, 0.5055555555555555, 0.5280898876404494
188, 0.5667870036101083, 0.5166666666666667, 0.5280898876404494
189, 0.5703971119133574, 0.5277777777777778, 0.5280898876404494
190, 0.5703971119133574, 0.5277777777777778, 0.5337078651685393
191, 0.5794223826714802, 0.5333333333333333, 0.5337078651685393
192, 0.5794223826714802, 0.5388888888888889, 0.5337078651685393
193, 0.5812274368231047, 0.5388888888888889, 0.5449438202247191
194, 0.5830324909747292, 0.5388888888888889, 0.5449438202247191
195, 0.5830324909747292, 0.5555555555555556, 0.5449438202247191
196, 0.5866425992779783, 0.5666666666666667, 0.5449438202247191
197, 0.5866425992779783, 0.5666666666666667, 0.5449438202247191
198, 0.5848375451263538, 0.5666666666666667, 0.5449438202247191
199, 0.5848375451263538, 0.5666666666666667, 0.550561797752809
200, 0.5848375451263538, 0.5666666666666667, 0.550561797752809
201, 0.5848375451263538, 0.5666666666666667, 0.5449438202247191
202, 0.5830324909747292, 0.5666666666666667, 0.5449438202247191
203, 0.5866425992779783, 0.5611111111111111, 0.550561797752809
204, 0.5884476534296029, 0.5611111111111111, 0.5561797752808989
205, 0.5884476534296029, 0.5611111111111111, 0.5617977528089888
206, 0.5884476534296029, 0.5611111111111111, 0.5617977528089888
207, 0.5884476534296029, 0.5611111111111111, 0.5617977528089888
208, 0.5884476534296029, 0.5611111111111111, 0.5617977528089888
209, 0.5884476534296029, 0.5611111111111111, 0.5617977528089888
210, 0.592057761732852, 0.5611111111111111, 0.5617977528089888
211, 0.5938628158844765, 0.5611111111111111, 0.5674157303370787
212, 0.5938628158844765, 0.5611111111111111, 0.5674157303370787
213, 0.5956678700361011, 0.5666666666666667, 0.5674157303370787
214, 0.5956678700361011, 0.5666666666666667, 0.5674157303370787
215, 0.5974729241877257, 0.5666666666666667, 0.5674157303370787
216, 0.5992779783393501, 0.5722222222222222, 0.5674157303370787
217, 0.6010830324909747, 0.5722222222222222, 0.5730337078651685
218, 0.6010830324909747, 0.5722222222222222, 0.5674157303370787
219, 0.6010830324909747, 0.5722222222222222, 0.5674157303370787
220, 0.6010830324909747, 0.5722222222222222, 0.5674157303370787
221, 0.6010830324909747, 0.5722222222222222, 0.5674157303370787
222, 0.6028880866425993, 0.5722222222222222, 0.5674157303370787
223, 0.6028880866425993, 0.5722222222222222, 0.5674157303370787
224, 0.6028880866425993, 0.5722222222222222, 0.5730337078651685
225, 0.6028880866425993, 0.5722222222222222, 0.5730337078651685
226, 0.6046931407942239, 0.5722222222222222, 0.5730337078651685
227, 0.6046931407942239, 0.5666666666666667, 0.5730337078651685
228, 0.6064981949458483, 0.5666666666666667, 0.5730337078651685
229, 0.6064981949458483, 0.5666666666666667, 0.5730337078651685
230, 0.6064981949458483, 0.5666666666666667, 0.5730337078651685
231, 0.6064981949458483, 0.5611111111111111, 0.5730337078651685
232, 0.6064981949458483, 0.5611111111111111, 0.5730337078651685
233, 0.6064981949458483, 0.5611111111111111, 0.5730337078651685
234, 0.6083032490974729, 0.5611111111111111, 0.5730337078651685
235, 0.6083032490974729, 0.5611111111111111, 0.5730337078651685
236, 0.6046931407942239, 0.5611111111111111, 0.5730337078651685
237, 0.6083032490974729, 0.5611111111111111, 0.5730337078651685
238, 0.6101083032490975, 0.5611111111111111, 0.5730337078651685
239, 0.6119133574007221, 0.5611111111111111, 0.5730337078651685
240, 0.6119133574007221, 0.5611111111111111, 0.5730337078651685
241, 0.6173285198555957, 0.5611111111111111, 0.5730337078651685
242, 0.6191335740072202, 0.5611111111111111, 0.5786516853932584
243, 0.6227436823104693, 0.5611111111111111, 0.5842696629213483
244, 0.6227436823104693, 0.5611111111111111, 0.5842696629213483
245, 0.6245487364620939, 0.5611111111111111, 0.5842696629213483
246, 0.6263537906137184, 0.5611111111111111, 0.5898876404494382
247, 0.628158844765343, 0.5611111111111111, 0.5898876404494382
248, 0.6299638989169675, 0.5611111111111111, 0.5898876404494382
249, 0.6299638989169675, 0.5611111111111111, 0.5955056179775281
250, 0.631768953068592, 0.5555555555555556, 0.5898876404494382
251, 0.6371841155234657, 0.5611111111111111, 0.5898876404494382
252, 0.6407942238267148, 0.5611111111111111, 0.5955056179775281
253, 0.6407942238267148, 0.5611111111111111, 0.5955056179775281
254, 0.6407942238267148, 0.5611111111111111, 0.5955056179775281
255, 0.6425992779783394, 0.5611111111111111, 0.5955056179775281
256, 0.6407942238267148, 0.5666666666666667, 0.5955056179775281
257, 0.6462093862815884, 0.5666666666666667, 0.5955056179775281
258, 0.644404332129964, 0.5722222222222222, 0.5955056179775281
259, 0.6425992779783394, 0.5722222222222222, 0.5955056179775281
34	0	5	0	0	2	
1	0	8	0	0	9	
1	0	31	0	0	5	
4	0	4	2	0	9	
1	0	4	0	0	12	
1	0	6	0	0	39	
260, 0.644404332129964, 0.5722222222222222, 0.5955056179775281
261, 0.6425992779783394, 0.5722222222222222, 0.6067415730337079
262, 0.6425992779783394, 0.5722222222222222, 0.6067415730337079
263, 0.644404332129964, 0.5777777777777777, 0.6067415730337079
264, 0.6425992779783394, 0.5666666666666667, 0.6067415730337079
265, 0.644404332129964, 0.5666666666666667, 0.6067415730337079
266, 0.644404332129964, 0.5666666666666667, 0.6123595505617978
267, 0.6462093862815884, 0.5722222222222222, 0.6123595505617978
268, 0.6498194945848376, 0.5777777777777777, 0.6235955056179775
269, 0.6498194945848376, 0.5777777777777777, 0.6179775280898876
270, 0.6498194945848376, 0.5777777777777777, 0.6179775280898876
271, 0.6498194945848376, 0.5777777777777777, 0.6179775280898876
272, 0.6498194945848376, 0.5777777777777777, 0.6179775280898876
273, 0.6534296028880866, 0.5833333333333334, 0.6179775280898876
274, 0.6552346570397112, 0.5833333333333334, 0.6179775280898876
275, 0.6534296028880866, 0.5833333333333334, 0.6179775280898876
276, 0.6552346570397112, 0.5833333333333334, 0.6179775280898876
277, 0.6570397111913358, 0.5833333333333334, 0.6179775280898876
278, 0.6588447653429603, 0.5833333333333334, 0.6123595505617978
279, 0.6588447653429603, 0.5833333333333334, 0.6123595505617978
33	0	6	0	0	2	
0	0	8	0	0	10	
1	0	29	1	0	6	
2	0	4	6	0	7	
1	0	4	0	0	12	
0	0	5	0	0	41	
280, 0.6588447653429603, 0.5833333333333334, 0.6123595505617978
281, 0.6606498194945848, 0.5833333333333334, 0.6123595505617978
282, 0.6588447653429603, 0.5833333333333334, 0.6123595505617978
283, 0.6588447653429603, 0.5888888888888889, 0.6123595505617978
284, 0.6606498194945848, 0.5888888888888889, 0.6123595505617978
285, 0.6606498194945848, 0.5888888888888889, 0.6123595505617978
286, 0.6624548736462094, 0.5944444444444444, 0.6179775280898876
287, 0.6624548736462094, 0.5944444444444444, 0.6123595505617978
288, 0.6606498194945848, 0.5944444444444444, 0.6123595505617978
289, 0.6606498194945848, 0.5944444444444444, 0.6123595505617978
290, 0.6606498194945848, 0.5944444444444444, 0.6123595505617978
291, 0.6624548736462094, 0.5944444444444444, 0.6123595505617978
292, 0.6624548736462094, 0.5944444444444444, 0.6123595505617978
293, 0.6642599277978339, 0.5944444444444444, 0.6123595505617978
294, 0.6642599277978339, 0.5944444444444444, 0.6123595505617978
295, 0.6642599277978339, 0.5944444444444444, 0.6123595505617978
296, 0.6642599277978339, 0.5944444444444444, 0.6123595505617978
297, 0.6642599277978339, 0.5944444444444444, 0.6123595505617978
298, 0.6642599277978339, 0.5944444444444444, 0.6123595505617978
299, 0.6642599277978339, 0.6, 0.6123595505617978
33	0	6	0	0	2	
0	1	7	0	0	10	
1	0	28	1	0	7	
2	0	3	6	0	8	
1	0	4	0	0	12	
0	0	5	0	0	41	
300, 0.6678700361010831, 0.6, 0.6123595505617978
301, 0.6696750902527075, 0.6, 0.6123595505617978
302, 0.6714801444043321, 0.6, 0.6179775280898876
303, 0.6714801444043321, 0.6, 0.6179775280898876
304, 0.6714801444043321, 0.6, 0.6179775280898876
305, 0.6750902527075813, 0.6, 0.6179775280898876
306, 0.6750902527075813, 0.6, 0.6179775280898876
307, 0.6750902527075813, 0.6, 0.6179775280898876
308, 0.6750902527075813, 0.6, 0.6179775280898876
309, 0.6750902527075813, 0.6, 0.6179775280898876
310, 0.6768953068592057, 0.6, 0.6179775280898876
311, 0.6787003610108303, 0.6, 0.6179775280898876
312, 0.6750902527075813, 0.6, 0.6179775280898876
313, 0.6750902527075813, 0.6, 0.6179775280898876
314, 0.6750902527075813, 0.6, 0.6179775280898876
315, 0.6750902527075813, 0.6, 0.6179775280898876
316, 0.6750902527075813, 0.6, 0.6179775280898876
317, 0.6768953068592057, 0.6, 0.6179775280898876
318, 0.6768953068592057, 0.6, 0.6179775280898876
319, 0.6768953068592057, 0.6, 0.6179775280898876
33	0	6	0	0	2	
0	1	6	0	0	11	
1	0	28	1	0	7	
2	0	2	7	0	8	
0	0	4	1	0	12	
0	0	5	0	0	41	
320, 0.6768953068592057, 0.6, 0.6179775280898876
321, 0.6768953068592057, 0.6, 0.6179775280898876
322, 0.6768953068592057, 0.6, 0.6179775280898876
323, 0.6768953068592057, 0.6, 0.6179775280898876
324, 0.6768953068592057, 0.6, 0.6179775280898876
325, 0.6768953068592057, 0.6, 0.6179775280898876
326, 0.6787003610108303, 0.6, 0.6179775280898876
327, 0.6823104693140795, 0.6, 0.6179775280898876
328, 0.6823104693140795, 0.6055555555555555, 0.6179775280898876
329, 0.6823104693140795, 0.6055555555555555, 0.6179775280898876
330, 0.6823104693140795, 0.6055555555555555, 0.6179775280898876
331, 0.6823104693140795, 0.6055555555555555, 0.6179775280898876
332, 0.6841155234657039, 0.6055555555555555, 0.6179775280898876
333, 0.6841155234657039, 0.6055555555555555, 0.6179775280898876
334, 0.6841155234657039, 0.6055555555555555, 0.6179775280898876
335, 0.6841155234657039, 0.6055555555555555, 0.6179775280898876
336, 0.6859205776173285, 0.6055555555555555, 0.6235955056179775
337, 0.6859205776173285, 0.6055555555555555, 0.6235955056179775
338, 0.6859205776173285, 0.6055555555555555, 0.6235955056179775
339, 0.6877256317689531, 0.6055555555555555, 0.6235955056179775
33	0	6	0	0	2	
0	1	6	0	0	11	
1	0	28	1	0	7	
2	0	2	8	0	7	
0	0	4	1	0	12	
0	0	5	0	0	41	
340, 0.6877256317689531, 0.6055555555555555, 0.6235955056179775
341, 0.6877256317689531, 0.6055555555555555, 0.6235955056179775
342, 0.6877256317689531, 0.6055555555555555, 0.6235955056179775
343, 0.6895306859205776, 0.6055555555555555, 0.6235955056179775
344, 0.6895306859205776, 0.6055555555555555, 0.6235955056179775
345, 0.6913357400722022, 0.6055555555555555, 0.6292134831460674
346, 0.6913357400722022, 0.6055555555555555, 0.6292134831460674
347, 0.6913357400722022, 0.6055555555555555, 0.6292134831460674
348, 0.6913357400722022, 0.6055555555555555, 0.6348314606741573
349, 0.6913357400722022, 0.6111111111111112, 0.6348314606741573
350, 0.6931407942238267, 0.6111111111111112, 0.6348314606741573
351, 0.6931407942238267, 0.6111111111111112, 0.6348314606741573
352, 0.6931407942238267, 0.6055555555555555, 0.6348314606741573
353, 0.6967509025270758, 0.6055555555555555, 0.6348314606741573
354, 0.6985559566787004, 0.6055555555555555, 0.6348314606741573
355, 0.7003610108303249, 0.6055555555555555, 0.6348314606741573
356, 0.7003610108303249, 0.6055555555555555, 0.6348314606741573
357, 0.7003610108303249, 0.6055555555555555, 0.6348314606741573
358, 0.7021660649819494, 0.6055555555555555, 0.6348314606741573
359, 0.7021660649819494, 0.6055555555555555, 0.6348314606741573
34	1	4	0	0	2	
0	1	6	0	0	11	
1	0	28	1	0	7	
2	0	1	9	0	7	
1	1	4	0	0	11	
0	0	5	0	0	41	
360, 0.7021660649819494, 0.6055555555555555, 0.6348314606741573
361, 0.703971119133574, 0.6055555555555555, 0.6348314606741573
362, 0.703971119133574, 0.6055555555555555, 0.6348314606741573
363, 0.703971119133574, 0.6055555555555555, 0.6348314606741573
364, 0.7057761732851986, 0.6055555555555555, 0.6348314606741573
365, 0.7075812274368231, 0.6055555555555555, 0.6404494382022472
366, 0.7075812274368231, 0.6055555555555555, 0.6404494382022472
367, 0.7075812274368231, 0.6, 0.6348314606741573
368, 0.7093862815884476, 0.6055555555555555, 0.6348314606741573
369, 0.7093862815884476, 0.6055555555555555, 0.6404494382022472
370, 0.7093862815884476, 0.6055555555555555, 0.6460674157303371
371, 0.7111913357400722, 0.6111111111111112, 0.6460674157303371
372, 0.7129963898916968, 0.6111111111111112, 0.6460674157303371
373, 0.7148014440433214, 0.6111111111111112, 0.6460674157303371
374, 0.7129963898916968, 0.6111111111111112, 0.6460674157303371
375, 0.7129963898916968, 0.6111111111111112, 0.6460674157303371
376, 0.7148014440433214, 0.6111111111111112, 0.6460674157303371
377, 0.7129963898916968, 0.6166666666666667, 0.6460674157303371
378, 0.7148014440433214, 0.6166666666666667, 0.6460674157303371
379, 0.7166064981949458, 0.6166666666666667, 0.6460674157303371
35	1	3	0	0	2	
1	2	6	0	0	9	
1	0	29	1	0	6	
3	0	1	11	0	4	
2	1	4	0	0	10	
0	0	6	0	0	40	
380, 0.7166064981949458, 0.6222222222222222, 0.6573033707865169
381, 0.7166064981949458, 0.6277777777777778, 0.6573033707865169
382, 0.7166064981949458, 0.6277777777777778, 0.6573033707865169
383, 0.7166064981949458, 0.6333333333333333, 0.6573033707865169
384, 0.7184115523465704, 0.6333333333333333, 0.6573033707865169
385, 0.720216606498195, 0.6333333333333333, 0.6629213483146067
386, 0.7220216606498195, 0.6333333333333333, 0.6629213483146067
387, 0.7220216606498195, 0.6333333333333333, 0.6629213483146067
388, 0.720216606498195, 0.6333333333333333, 0.6629213483146067
389, 0.7220216606498195, 0.6333333333333333, 0.6629213483146067
390, 0.720216606498195, 0.6333333333333333, 0.6629213483146067
391, 0.720216606498195, 0.6388888888888888, 0.6629213483146067
392, 0.720216606498195, 0.6388888888888888, 0.6685393258426966
393, 0.7184115523465704, 0.6388888888888888, 0.6685393258426966
394, 0.7166064981949458, 0.6388888888888888, 0.6685393258426966
395, 0.7166064981949458, 0.6444444444444445, 0.6629213483146067
396, 0.7166064981949458, 0.6444444444444445, 0.6573033707865169
397, 0.7166064981949458, 0.65, 0.6573033707865169
398, 0.7166064981949458, 0.65, 0.6573033707865169
399, 0.7166064981949458, 0.65, 0.6460674157303371
37	0	3	0	0	1	
1	2	7	0	0	8	
2	0	27	1	1	6	
5	0	1	10	0	3	
2	1	4	0	0	10	
2	0	6	0	0	38	
400, 0.7111913357400722, 0.65, 0.6404494382022472
401, 0.7111913357400722, 0.6611111111111111, 0.6404494382022472
402, 0.7111913357400722, 0.65, 0.6404494382022472
403, 0.7093862815884476, 0.65, 0.6404494382022472
404, 0.7093862815884476, 0.6444444444444445, 0.6404494382022472
405, 0.7093862815884476, 0.65, 0.6404494382022472
406, 0.7093862815884476, 0.65, 0.6292134831460674
407, 0.7075812274368231, 0.6555555555555556, 0.6292134831460674
408, 0.7075812274368231, 0.6555555555555556, 0.6292134831460674
409, 0.7075812274368231, 0.6555555555555556, 0.6292134831460674
410, 0.7129963898916968, 0.6555555555555556, 0.6292134831460674
411, 0.7166064981949458, 0.6555555555555556, 0.6292134831460674
412, 0.7148014440433214, 0.6555555555555556, 0.6292134831460674
413, 0.7148014440433214, 0.6555555555555556, 0.6292134831460674
414, 0.7148014440433214, 0.6555555555555556, 0.6292134831460674
415, 0.7148014440433214, 0.6611111111111111, 0.6348314606741573
416, 0.7166064981949458, 0.6611111111111111, 0.6348314606741573
417, 0.7166064981949458, 0.6611111111111111, 0.6348314606741573
418, 0.7166064981949458, 0.6611111111111111, 0.6348314606741573
419, 0.7148014440433214, 0.6611111111111111, 0.6348314606741573
37	0	3	0	0	1	
1	2	6	0	1	8	
3	0	27	1	0	6	
6	1	1	10	0	1	
3	1	4	0	0	9	
3	0	6	0	0	37	
420, 0.7148014440433214, 0.6611111111111111, 0.6348314606741573
421, 0.7148014440433214, 0.6611111111111111, 0.6348314606741573
422, 0.7148014440433214, 0.6611111111111111, 0.6348314606741573
423, 0.7148014440433214, 0.6611111111111111, 0.6348314606741573
424, 0.7148014440433214, 0.6611111111111111, 0.6348314606741573
425, 0.7166064981949458, 0.6611111111111111, 0.6348314606741573
426, 0.7184115523465704, 0.6611111111111111, 0.6404494382022472
427, 0.7184115523465704, 0.6666666666666666, 0.6404494382022472
428, 0.7184115523465704, 0.6666666666666666, 0.6404494382022472
429, 0.7184115523465704, 0.6666666666666666, 0.6404494382022472
430, 0.720216606498195, 0.6722222222222223, 0.6404494382022472
431, 0.7220216606498195, 0.6722222222222223, 0.6404494382022472
432, 0.7220216606498195, 0.6722222222222223, 0.6404494382022472
433, 0.7220216606498195, 0.6722222222222223, 0.6404494382022472
434, 0.7220216606498195, 0.6722222222222223, 0.6404494382022472
435, 0.723826714801444, 0.6722222222222223, 0.6404494382022472
436, 0.7256317689530686, 0.6722222222222223, 0.6404494382022472
437, 0.7274368231046932, 0.6777777777777778, 0.6404494382022472
438, 0.7292418772563177, 0.6777777777777778, 0.6404494382022472
439, 0.7328519855595668, 0.6777777777777778, 0.6404494382022472
37	0	3	0	0	1	
2	2	4	0	1	9	
3	0	27	1	0	6	
6	0	1	10	0	2	
3	0	4	0	1	9	
3	0	5	0	1	37	
440, 0.7328519855595668, 0.6777777777777778, 0.6404494382022472
441, 0.7328519855595668, 0.6777777777777778, 0.6404494382022472
442, 0.7328519855595668, 0.6777777777777778, 0.6404494382022472
443, 0.7328519855595668, 0.6833333333333333, 0.6404494382022472
444, 0.7310469314079422, 0.6833333333333333, 0.6404494382022472
445, 0.7328519855595668, 0.6833333333333333, 0.6404494382022472
446, 0.7328519855595668, 0.6722222222222223, 0.6404494382022472
447, 0.7346570397111913, 0.6722222222222223, 0.6404494382022472
448, 0.7328519855595668, 0.6722222222222223, 0.6404494382022472
449, 0.7328519855595668, 0.6722222222222223, 0.6460674157303371
450, 0.7346570397111913, 0.6722222222222223, 0.6460674157303371
451, 0.7382671480144405, 0.6666666666666666, 0.6460674157303371
452, 0.740072202166065, 0.6666666666666666, 0.651685393258427
453, 0.7418772563176895, 0.6666666666666666, 0.651685393258427
454, 0.7418772563176895, 0.6666666666666666, 0.651685393258427
455, 0.7418772563176895, 0.6666666666666666, 0.651685393258427
456, 0.7418772563176895, 0.6666666666666666, 0.651685393258427
457, 0.7436823104693141, 0.6611111111111111, 0.6573033707865169
458, 0.7436823104693141, 0.6555555555555556, 0.6573033707865169
459, 0.7436823104693141, 0.6555555555555556, 0.6573033707865169
37	0	3	0	0	1	
1	2	5	0	1	9	
2	0	27	1	1	6	
5	0	1	11	0	2	
2	0	4	0	1	10	
1	0	5	0	1	39	
460, 0.7454873646209387, 0.6611111111111111, 0.6573033707865169
461, 0.7454873646209387, 0.6611111111111111, 0.6573033707865169
462, 0.7454873646209387, 0.6611111111111111, 0.6573033707865169
463, 0.7472924187725631, 0.6611111111111111, 0.6573033707865169
464, 0.7454873646209387, 0.6611111111111111, 0.6573033707865169
465, 0.7454873646209387, 0.6611111111111111, 0.6573033707865169
466, 0.7454873646209387, 0.6611111111111111, 0.6573033707865169
467, 0.7454873646209387, 0.6555555555555556, 0.6573033707865169
468, 0.7436823104693141, 0.6555555555555556, 0.6629213483146067
469, 0.7418772563176895, 0.6555555555555556, 0.6629213483146067
470, 0.7418772563176895, 0.6611111111111111, 0.6685393258426966
471, 0.7436823104693141, 0.6555555555555556, 0.6741573033707865
472, 0.7418772563176895, 0.6555555555555556, 0.6797752808988764
473, 0.7436823104693141, 0.6555555555555556, 0.6797752808988764
474, 0.7436823104693141, 0.6555555555555556, 0.6797752808988764
475, 0.7436823104693141, 0.6611111111111111, 0.6797752808988764
476, 0.7418772563176895, 0.6611111111111111, 0.6797752808988764
477, 0.7418772563176895, 0.6611111111111111, 0.6797752808988764
478, 0.7418772563176895, 0.6611111111111111, 0.6797752808988764
479, 0.7418772563176895, 0.6611111111111111, 0.6853932584269663
37	0	2	0	0	2	
1	3	4	0	0	10	
2	0	27	1	1	6	
4	0	1	12	0	2	
2	0	4	0	1	10	
0	0	4	0	0	42	
480, 0.7418772563176895, 0.65, 0.6853932584269663
481, 0.7418772563176895, 0.6555555555555556, 0.6853932584269663
482, 0.7418772563176895, 0.6555555555555556, 0.6910112359550562
483, 0.7418772563176895, 0.6555555555555556, 0.6910112359550562
484, 0.7418772563176895, 0.6555555555555556, 0.6910112359550562
485, 0.7418772563176895, 0.6555555555555556, 0.6910112359550562
486, 0.7418772563176895, 0.6555555555555556, 0.6910112359550562
487, 0.7418772563176895, 0.6555555555555556, 0.6853932584269663
488, 0.7418772563176895, 0.6555555555555556, 0.6853932584269663
489, 0.7436823104693141, 0.6555555555555556, 0.6797752808988764
490, 0.7472924187725631, 0.6555555555555556, 0.6797752808988764
491, 0.7472924187725631, 0.6555555555555556, 0.6797752808988764
492, 0.7490974729241877, 0.6555555555555556, 0.6797752808988764
493, 0.7472924187725631, 0.6555555555555556, 0.6797752808988764
494, 0.7472924187725631, 0.6555555555555556, 0.6797752808988764
495, 0.7472924187725631, 0.6555555555555556, 0.6797752808988764
496, 0.7490974729241877, 0.6555555555555556, 0.6741573033707865
497, 0.7509025270758123, 0.6555555555555556, 0.6741573033707865
498, 0.7509025270758123, 0.6555555555555556, 0.6741573033707865
499, 0.7509025270758123, 0.6555555555555556, 0.6741573033707865
35	0	2	1	0	3	
1	2	5	0	0	10	
1	0	28	1	1	6	
3	0	1	12	0	3	
2	0	4	0	1	10	
0	0	4	0	0	42	
500, 0.7509025270758123, 0.6555555555555556, 0.6741573033707865
501, 0.7509025270758123, 0.6555555555555556, 0.6741573033707865
502, 0.7509025270758123, 0.6555555555555556, 0.6741573033707865
503, 0.7509025270758123, 0.6555555555555556, 0.6797752808988764
504, 0.7509025270758123, 0.6555555555555556, 0.6797752808988764
505, 0.7509025270758123, 0.6555555555555556, 0.6853932584269663
506, 0.7527075812274369, 0.6555555555555556, 0.6853932584269663
507, 0.7527075812274369, 0.6555555555555556, 0.6853932584269663
508, 0.7527075812274369, 0.6555555555555556, 0.6853932584269663
509, 0.7527075812274369, 0.6555555555555556, 0.6853932584269663
510, 0.7527075812274369, 0.6555555555555556, 0.6853932584269663
511, 0.7527075812274369, 0.6555555555555556, 0.6853932584269663
512, 0.7527075812274369, 0.6555555555555556, 0.6853932584269663
513, 0.7527075812274369, 0.6555555555555556, 0.6797752808988764
514, 0.7527075812274369, 0.6555555555555556, 0.6797752808988764
515, 0.7527075812274369, 0.6555555555555556, 0.6797752808988764
516, 0.7527075812274369, 0.6555555555555556, 0.6797752808988764
517, 0.7527075812274369, 0.6555555555555556, 0.6797752808988764
518, 0.7545126353790613, 0.6555555555555556, 0.6797752808988764
519, 0.7563176895306859, 0.6555555555555556, 0.6797752808988764
34	1	2	1	0	3	
1	3	4	0	0	10	
1	0	28	1	1	6	
3	0	1	12	0	3	
2	0	4	0	2	9	
0	0	4	0	0	42	
520, 0.7563176895306859, 0.6555555555555556, 0.6797752808988764
521, 0.7563176895306859, 0.6555555555555556, 0.6797752808988764
522, 0.7563176895306859, 0.6555555555555556, 0.6797752808988764
523, 0.7581227436823105, 0.6611111111111111, 0.6797752808988764
524, 0.759927797833935, 0.6611111111111111, 0.6797752808988764
525, 0.759927797833935, 0.6611111111111111, 0.6797752808988764
526, 0.759927797833935, 0.6611111111111111, 0.6797752808988764
527, 0.759927797833935, 0.6611111111111111, 0.6797752808988764
528, 0.759927797833935, 0.6611111111111111, 0.6797752808988764
529, 0.759927797833935, 0.6611111111111111, 0.6797752808988764
530, 0.759927797833935, 0.6611111111111111, 0.6797752808988764
531, 0.759927797833935, 0.6611111111111111, 0.6797752808988764
532, 0.759927797833935, 0.6611111111111111, 0.6797752808988764
533, 0.759927797833935, 0.6611111111111111, 0.6797752808988764
534, 0.759927797833935, 0.6611111111111111, 0.6797752808988764
535, 0.759927797833935, 0.6611111111111111, 0.6797752808988764
536, 0.7617328519855595, 0.6611111111111111, 0.6797752808988764
537, 0.7617328519855595, 0.6611111111111111, 0.6797752808988764
538, 0.7617328519855595, 0.6611111111111111, 0.6797752808988764
539, 0.7617328519855595, 0.6611111111111111, 0.6797752808988764
34	1	2	1	0	3	
1	3	4	0	0	10	
1	0	28	2	1	5	
3	0	1	12	0	3	
2	0	4	0	2	9	
0	0	4	0	0	42	
540, 0.7617328519855595, 0.6611111111111111, 0.6797752808988764
541, 0.759927797833935, 0.6611111111111111, 0.6797752808988764
542, 0.7617328519855595, 0.6611111111111111, 0.6797752808988764
543, 0.7617328519855595, 0.6611111111111111, 0.6797752808988764
544, 0.7617328519855595, 0.6611111111111111, 0.6797752808988764
545, 0.7617328519855595, 0.6611111111111111, 0.6797752808988764
546, 0.7617328519855595, 0.6611111111111111, 0.6797752808988764
547, 0.7617328519855595, 0.6611111111111111, 0.6797752808988764
548, 0.7617328519855595, 0.6611111111111111, 0.6797752808988764
549, 0.7617328519855595, 0.6611111111111111, 0.6797752808988764
550, 0.7635379061371841, 0.6611111111111111, 0.6797752808988764
551, 0.7653429602888087, 0.6611111111111111, 0.6797752808988764
552, 0.7653429602888087, 0.6611111111111111, 0.6797752808988764
553, 0.7653429602888087, 0.6611111111111111, 0.6797752808988764
554, 0.7653429602888087, 0.6611111111111111, 0.6797752808988764
555, 0.7653429602888087, 0.6611111111111111, 0.6797752808988764
556, 0.7671480144404332, 0.6611111111111111, 0.6797752808988764
557, 0.7671480144404332, 0.6611111111111111, 0.6797752808988764
558, 0.7671480144404332, 0.6611111111111111, 0.6797752808988764
559, 0.7671480144404332, 0.6611111111111111, 0.6797752808988764
34	1	2	1	0	3	
1	3	4	0	0	10	
1	0	28	2	1	5	
3	0	1	12	0	3	
2	0	4	0	2	9	
0	0	4	0	0	42	
560, 0.7671480144404332, 0.6666666666666666, 0.6797752808988764
561, 0.7671480144404332, 0.6722222222222223, 0.6797752808988764
562, 0.7671480144404332, 0.6722222222222223, 0.6797752808988764
563, 0.7671480144404332, 0.6722222222222223, 0.6797752808988764
564, 0.7671480144404332, 0.6722222222222223, 0.6797752808988764
565, 0.7671480144404332, 0.6722222222222223, 0.6797752808988764
566, 0.7671480144404332, 0.6722222222222223, 0.6797752808988764
567, 0.7689530685920578, 0.6722222222222223, 0.6741573033707865
568, 0.7689530685920578, 0.6722222222222223, 0.6741573033707865
569, 0.7707581227436823, 0.6722222222222223, 0.6741573033707865
570, 0.7707581227436823, 0.6722222222222223, 0.6741573033707865
571, 0.7707581227436823, 0.6722222222222223, 0.6741573033707865
572, 0.7707581227436823, 0.6722222222222223, 0.6741573033707865
573, 0.7707581227436823, 0.6722222222222223, 0.6741573033707865
574, 0.7707581227436823, 0.6722222222222223, 0.6741573033707865
575, 0.7707581227436823, 0.6722222222222223, 0.6741573033707865
576, 0.7707581227436823, 0.6722222222222223, 0.6741573033707865
577, 0.7707581227436823, 0.6722222222222223, 0.6741573033707865
578, 0.7707581227436823, 0.6722222222222223, 0.6741573033707865
579, 0.7707581227436823, 0.6722222222222223, 0.6741573033707865
34	1	2	1	0	3	
1	3	4	0	0	10	
1	0	28	2	1	5	
3	0	1	12	0	3	
2	0	4	0	2	9	
0	0	4	0	1	41	
580, 0.7707581227436823, 0.6722222222222223, 0.6741573033707865
581, 0.7707581227436823, 0.6722222222222223, 0.6741573033707865
582, 0.7707581227436823, 0.6722222222222223, 0.6741573033707865
583, 0.7707581227436823, 0.6722222222222223, 0.6741573033707865
584, 0.7707581227436823, 0.6777777777777778, 0.6741573033707865
585, 0.7725631768953068, 0.6777777777777778, 0.6741573033707865
586, 0.7725631768953068, 0.6777777777777778, 0.6741573033707865
587, 0.7743682310469314, 0.6777777777777778, 0.6741573033707865
588, 0.7743682310469314, 0.6777777777777778, 0.6741573033707865
589, 0.7743682310469314, 0.6777777777777778, 0.6741573033707865
590, 0.7743682310469314, 0.6777777777777778, 0.6741573033707865
591, 0.7743682310469314, 0.6777777777777778, 0.6741573033707865
592, 0.7743682310469314, 0.6777777777777778, 0.6741573033707865
593, 0.7743682310469314, 0.6777777777777778, 0.6741573033707865
594, 0.7743682310469314, 0.6777777777777778, 0.6741573033707865
595, 0.7743682310469314, 0.6777777777777778, 0.6741573033707865
596, 0.776173285198556, 0.6777777777777778, 0.6741573033707865
597, 0.776173285198556, 0.6777777777777778, 0.6741573033707865
598, 0.776173285198556, 0.6777777777777778, 0.6741573033707865
599, 0.776173285198556, 0.6777777777777778, 0.6741573033707865
34	1	2	1	0	3	
1	3	4	0	0	10	
1	0	28	2	1	5	
3	0	1	12	0	3	
2	0	4	0	2	9	
0	0	4	0	1	41	
600, 0.776173285198556, 0.6777777777777778, 0.6741573033707865
601, 0.776173285198556, 0.6777777777777778, 0.6741573033707865
602, 0.776173285198556, 0.6777777777777778, 0.6741573033707865
603, 0.776173285198556, 0.6777777777777778, 0.6741573033707865
604, 0.776173285198556, 0.6777777777777778, 0.6741573033707865
605, 0.776173285198556, 0.6777777777777778, 0.6797752808988764
606, 0.776173285198556, 0.6777777777777778, 0.6797752808988764
607, 0.776173285198556, 0.6777777777777778, 0.6797752808988764
608, 0.776173285198556, 0.6833333333333333, 0.6797752808988764
609, 0.776173285198556, 0.6833333333333333, 0.6797752808988764
610, 0.776173285198556, 0.6833333333333333, 0.6797752808988764
611, 0.776173285198556, 0.6833333333333333, 0.6797752808988764
612, 0.776173285198556, 0.6833333333333333, 0.6797752808988764
613, 0.776173285198556, 0.6833333333333333, 0.6797752808988764
614, 0.776173285198556, 0.6833333333333333, 0.6797752808988764
615, 0.776173285198556, 0.6833333333333333, 0.6797752808988764
616, 0.779783393501805, 0.6833333333333333, 0.6797752808988764
617, 0.779783393501805, 0.6833333333333333, 0.6797752808988764
618, 0.779783393501805, 0.6833333333333333, 0.6853932584269663
619, 0.779783393501805, 0.6833333333333333, 0.6853932584269663
34	1	2	1	0	3	
1	4	4	0	0	9	
1	0	28	2	1	5	
3	0	1	12	0	3	
2	0	4	0	3	8	
0	0	4	0	1	41	
620, 0.7815884476534296, 0.6833333333333333, 0.6853932584269663
621, 0.7815884476534296, 0.6833333333333333, 0.6853932584269663
622, 0.779783393501805, 0.6833333333333333, 0.6853932584269663
623, 0.779783393501805, 0.6833333333333333, 0.6853932584269663
624, 0.779783393501805, 0.6833333333333333, 0.6853932584269663
625, 0.779783393501805, 0.6833333333333333, 0.6853932584269663
626, 0.779783393501805, 0.6833333333333333, 0.6853932584269663
627, 0.779783393501805, 0.6833333333333333, 0.6853932584269663
628, 0.779783393501805, 0.6833333333333333, 0.6853932584269663
629, 0.779783393501805, 0.6833333333333333, 0.6853932584269663
630, 0.779783393501805, 0.6833333333333333, 0.6910112359550562
631, 0.779783393501805, 0.6833333333333333, 0.6910112359550562
632, 0.7815884476534296, 0.6833333333333333, 0.6910112359550562
633, 0.7815884476534296, 0.6833333333333333, 0.6910112359550562
634, 0.7815884476534296, 0.6833333333333333, 0.6910112359550562
635, 0.7815884476534296, 0.6833333333333333, 0.6853932584269663
636, 0.7833935018050542, 0.6833333333333333, 0.6853932584269663
637, 0.7833935018050542, 0.6833333333333333, 0.6853932584269663
638, 0.7833935018050542, 0.6833333333333333, 0.6853932584269663
639, 0.7833935018050542, 0.6833333333333333, 0.6853932584269663
35	0	2	1	0	3	
1	4	4	0	0	9	
1	0	27	2	2	5	
3	0	1	12	0	3	
2	0	4	0	3	8	
0	0	4	0	1	41	
640, 0.7833935018050542, 0.6888888888888889, 0.6853932584269663
641, 0.7815884476534296, 0.6888888888888889, 0.6853932584269663
642, 0.7815884476534296, 0.6888888888888889, 0.6853932584269663
643, 0.7815884476534296, 0.6888888888888889, 0.6853932584269663
644, 0.7815884476534296, 0.6888888888888889, 0.6853932584269663
645, 0.7815884476534296, 0.6888888888888889, 0.6853932584269663
646, 0.7815884476534296, 0.6888888888888889, 0.6853932584269663
647, 0.7815884476534296, 0.6888888888888889, 0.6853932584269663
648, 0.7815884476534296, 0.6888888888888889, 0.6853932584269663
649, 0.7815884476534296, 0.6888888888888889, 0.6910112359550562
650, 0.7815884476534296, 0.6888888888888889, 0.6910112359550562
651, 0.7815884476534296, 0.6888888888888889, 0.6910112359550562
652, 0.7815884476534296, 0.6888888888888889, 0.6910112359550562
653, 0.7815884476534296, 0.6888888888888889, 0.6910112359550562
654, 0.7815884476534296, 0.6833333333333333, 0.6910112359550562
655, 0.7815884476534296, 0.6833333333333333, 0.6910112359550562
656, 0.7815884476534296, 0.6833333333333333, 0.6910112359550562
657, 0.7815884476534296, 0.6833333333333333, 0.6910112359550562
658, 0.7815884476534296, 0.6833333333333333, 0.6910112359550562
659, 0.7815884476534296, 0.6833333333333333, 0.6910112359550562
35	0	3	1	0	2	
0	4	5	0	0	9	
1	0	27	2	2	5	
3	0	1	13	0	2	
2	0	5	0	3	7	
0	0	4	0	1	41	
660, 0.7815884476534296, 0.6833333333333333, 0.6910112359550562
661, 0.7815884476534296, 0.6888888888888889, 0.6910112359550562
662, 0.7815884476534296, 0.6888888888888889, 0.6910112359550562
663, 0.7815884476534296, 0.6888888888888889, 0.6910112359550562
664, 0.7815884476534296, 0.6833333333333333, 0.6910112359550562
665, 0.7833935018050542, 0.6833333333333333, 0.6910112359550562
666, 0.7833935018050542, 0.6833333333333333, 0.6910112359550562
667, 0.7833935018050542, 0.6833333333333333, 0.6910112359550562
668, 0.7833935018050542, 0.6833333333333333, 0.6910112359550562
669, 0.7833935018050542, 0.6833333333333333, 0.6966292134831461
670, 0.7833935018050542, 0.6833333333333333, 0.6966292134831461
671, 0.7870036101083032, 0.6833333333333333, 0.6966292134831461
672, 0.7870036101083032, 0.6833333333333333, 0.6966292134831461
673, 0.7888086642599278, 0.6833333333333333, 0.6966292134831461
674, 0.7888086642599278, 0.6833333333333333, 0.6966292134831461
675, 0.7888086642599278, 0.6833333333333333, 0.6966292134831461
676, 0.7870036101083032, 0.6833333333333333, 0.6966292134831461
677, 0.7870036101083032, 0.6833333333333333, 0.6966292134831461
678, 0.7870036101083032, 0.6888888888888889, 0.6966292134831461
679, 0.7870036101083032, 0.6888888888888889, 0.6966292134831461
35	0	3	1	0	2	
0	4	6	0	0	8	
1	0	28	2	2	4	
3	1	1	13	0	1	
2	1	4	0	3	7	
0	0	4	0	1	41	
680, 0.7888086642599278, 0.6888888888888889, 0.6966292134831461
681, 0.7888086642599278, 0.6888888888888889, 0.6966292134831461
682, 0.7888086642599278, 0.6888888888888889, 0.6966292134831461
683, 0.7888086642599278, 0.6888888888888889, 0.6966292134831461
684, 0.7888086642599278, 0.6888888888888889, 0.6966292134831461
685, 0.7888086642599278, 0.6888888888888889, 0.6966292134831461
686, 0.7888086642599278, 0.6888888888888889, 0.6966292134831461
687, 0.7888086642599278, 0.6888888888888889, 0.6966292134831461
688, 0.7888086642599278, 0.6888888888888889, 0.6966292134831461
689, 0.7888086642599278, 0.6888888888888889, 0.6966292134831461
690, 0.7888086642599278, 0.6888888888888889, 0.6966292134831461
691, 0.7888086642599278, 0.6888888888888889, 0.6966292134831461
692, 0.7906137184115524, 0.6888888888888889, 0.6966292134831461
693, 0.7906137184115524, 0.6888888888888889, 0.6966292134831461
694, 0.7906137184115524, 0.6888888888888889, 0.6966292134831461
695, 0.7924187725631769, 0.6888888888888889, 0.6966292134831461
696, 0.7924187725631769, 0.6888888888888889, 0.6966292134831461
697, 0.7924187725631769, 0.6888888888888889, 0.6966292134831461
698, 0.7924187725631769, 0.6888888888888889, 0.6966292134831461
699, 0.7924187725631769, 0.6888888888888889, 0.6966292134831461
35	0	3	1	0	2	
0	4	6	0	0	8	
1	0	28	2	2	4	
3	1	1	13	0	1	
2	1	4	0	3	7	
0	0	4	0	1	41	
700, 0.7906137184115524, 0.6888888888888889, 0.6966292134831461
701, 0.7906137184115524, 0.6888888888888889, 0.7078651685393258
702, 0.7888086642599278, 0.6888888888888889, 0.7078651685393258
703, 0.7870036101083032, 0.6944444444444444, 0.702247191011236
704, 0.7870036101083032, 0.6944444444444444, 0.702247191011236
705, 0.7870036101083032, 0.6944444444444444, 0.702247191011236
706, 0.7870036101083032, 0.6944444444444444, 0.702247191011236
707, 0.7870036101083032, 0.6944444444444444, 0.702247191011236
708, 0.7870036101083032, 0.6944444444444444, 0.702247191011236
709, 0.7870036101083032, 0.6944444444444444, 0.702247191011236
710, 0.7870036101083032, 0.6944444444444444, 0.702247191011236
711, 0.7870036101083032, 0.6944444444444444, 0.702247191011236
712, 0.7870036101083032, 0.6944444444444444, 0.702247191011236
713, 0.7870036101083032, 0.6944444444444444, 0.702247191011236
714, 0.7888086642599278, 0.6944444444444444, 0.702247191011236
715, 0.7888086642599278, 0.6888888888888889, 0.702247191011236
716, 0.7906137184115524, 0.6888888888888889, 0.702247191011236
717, 0.7906137184115524, 0.6888888888888889, 0.702247191011236
718, 0.7906137184115524, 0.6944444444444444, 0.702247191011236
719, 0.7906137184115524, 0.6944444444444444, 0.702247191011236
34	0	4	1	0	2	
0	4	6	0	0	8	
1	0	29	2	2	3	
3	0	2	13	0	1	
2	0	4	1	4	6	
0	0	4	0	1	41	
720, 0.7906137184115524, 0.6944444444444444, 0.702247191011236
721, 0.7906137184115524, 0.6944444444444444, 0.702247191011236
722, 0.7906137184115524, 0.6944444444444444, 0.702247191011236
723, 0.7924187725631769, 0.6944444444444444, 0.702247191011236
724, 0.7924187725631769, 0.6944444444444444, 0.702247191011236
725, 0.7924187725631769, 0.6944444444444444, 0.702247191011236
726, 0.7906137184115524, 0.6944444444444444, 0.702247191011236
727, 0.7906137184115524, 0.6944444444444444, 0.702247191011236
728, 0.7906137184115524, 0.6944444444444444, 0.702247191011236
729, 0.7906137184115524, 0.6944444444444444, 0.702247191011236
730, 0.7906137184115524, 0.6944444444444444, 0.702247191011236
731, 0.7924187725631769, 0.6944444444444444, 0.702247191011236
732, 0.7924187725631769, 0.6944444444444444, 0.702247191011236
733, 0.7924187725631769, 0.6944444444444444, 0.702247191011236
734, 0.7924187725631769, 0.7, 0.702247191011236
735, 0.7924187725631769, 0.7, 0.702247191011236
736, 0.7924187725631769, 0.7, 0.702247191011236
737, 0.7924187725631769, 0.7, 0.702247191011236
738, 0.7924187725631769, 0.7, 0.702247191011236
739, 0.7924187725631769, 0.7, 0.702247191011236
34	0	4	1	0	2	
0	4	6	0	0	8	
1	0	29	2	2	3	
3	0	2	13	0	1	
2	0	4	1	4	6	
0	0	4	0	1	41	
740, 0.7924187725631769, 0.6944444444444444, 0.702247191011236
741, 0.7924187725631769, 0.6944444444444444, 0.702247191011236
742, 0.7906137184115524, 0.6944444444444444, 0.702247191011236
743, 0.7942238267148014, 0.6944444444444444, 0.702247191011236
744, 0.7942238267148014, 0.6944444444444444, 0.702247191011236
745, 0.7942238267148014, 0.6944444444444444, 0.702247191011236
746, 0.796028880866426, 0.6944444444444444, 0.702247191011236
747, 0.796028880866426, 0.6944444444444444, 0.702247191011236
748, 0.796028880866426, 0.6944444444444444, 0.702247191011236
749, 0.796028880866426, 0.6944444444444444, 0.702247191011236
750, 0.796028880866426, 0.6944444444444444, 0.702247191011236
751, 0.796028880866426, 0.6944444444444444, 0.702247191011236
752, 0.796028880866426, 0.6944444444444444, 0.702247191011236
753, 0.796028880866426, 0.6944444444444444, 0.702247191011236
754, 0.796028880866426, 0.6944444444444444, 0.702247191011236
755, 0.7978339350180506, 0.6944444444444444, 0.702247191011236
756, 0.7978339350180506, 0.6944444444444444, 0.702247191011236
757, 0.7978339350180506, 0.6944444444444444, 0.702247191011236
758, 0.7978339350180506, 0.6944444444444444, 0.702247191011236
759, 0.7978339350180506, 0.6944444444444444, 0.702247191011236
34	0	4	1	0	2	
0	4	6	0	0	8	
1	0	29	2	2	3	
3	0	2	13	0	1	
2	0	4	1	4	6	
0	0	3	0	2	41	
760, 0.7978339350180506, 0.6944444444444444, 0.702247191011236
761, 0.7978339350180506, 0.6944444444444444, 0.702247191011236
762, 0.7978339350180506, 0.6944444444444444, 0.702247191011236
763, 0.7978339350180506, 0.6944444444444444, 0.7078651685393258
764, 0.7978339350180506, 0.6944444444444444, 0.7078651685393258
765, 0.7978339350180506, 0.6944444444444444, 0.7078651685393258
766, 0.7978339350180506, 0.6944444444444444, 0.7078651685393258
767, 0.7978339350180506, 0.6888888888888889, 0.7078651685393258
768, 0.7978339350180506, 0.6888888888888889, 0.7078651685393258
769, 0.7978339350180506, 0.6833333333333333, 0.7078651685393258
770, 0.7978339350180506, 0.6833333333333333, 0.7078651685393258
771, 0.7978339350180506, 0.6833333333333333, 0.7078651685393258
772, 0.7978339350180506, 0.6833333333333333, 0.7078651685393258
773, 0.7978339350180506, 0.6833333333333333, 0.7078651685393258
774, 0.7978339350180506, 0.6833333333333333, 0.7078651685393258
775, 0.7978339350180506, 0.6888888888888889, 0.7078651685393258
776, 0.7996389891696751, 0.6888888888888889, 0.7078651685393258
777, 0.7996389891696751, 0.6888888888888889, 0.7078651685393258
778, 0.7996389891696751, 0.6944444444444444, 0.7078651685393258
779, 0.7996389891696751, 0.6944444444444444, 0.7078651685393258
34	0	4	1	0	2	
0	4	6	0	0	8	
1	0	29	2	2	3	
3	0	1	14	0	1	
2	0	4	1	4	6	
0	0	3	0	2	41	
780, 0.8014440433212996, 0.6944444444444444, 0.7078651685393258
781, 0.8014440433212996, 0.6944444444444444, 0.7078651685393258
782, 0.8014440433212996, 0.6944444444444444, 0.7134831460674157
783, 0.8014440433212996, 0.6944444444444444, 0.7134831460674157
784, 0.8032490974729242, 0.6944444444444444, 0.7134831460674157
785, 0.8032490974729242, 0.6944444444444444, 0.7134831460674157
786, 0.8032490974729242, 0.6944444444444444, 0.7134831460674157
787, 0.8032490974729242, 0.6944444444444444, 0.7134831460674157
788, 0.8032490974729242, 0.6944444444444444, 0.7134831460674157
789, 0.8032490974729242, 0.7, 0.7134831460674157
790, 0.8032490974729242, 0.7, 0.7134831460674157
791, 0.8032490974729242, 0.7, 0.7134831460674157
792, 0.8032490974729242, 0.7, 0.7134831460674157
793, 0.8032490974729242, 0.7, 0.7134831460674157
794, 0.8050541516245487, 0.7, 0.7134831460674157
795, 0.8050541516245487, 0.7, 0.7134831460674157
796, 0.8050541516245487, 0.7, 0.7134831460674157
797, 0.8050541516245487, 0.7, 0.7134831460674157
798, 0.8068592057761733, 0.7, 0.7134831460674157
799, 0.8050541516245487, 0.7, 0.7134831460674157
35	0	3	1	0	2	
0	4	6	0	0	8	
1	0	29	2	2	3	
3	0	1	14	0	1	
2	0	4	1	4	6	
0	0	3	0	2	41	
800, 0.8050541516245487, 0.7, 0.7134831460674157
801, 0.8050541516245487, 0.7, 0.7134831460674157
802, 0.8050541516245487, 0.7, 0.7134831460674157
803, 0.8050541516245487, 0.7055555555555556, 0.7134831460674157
804, 0.8050541516245487, 0.7055555555555556, 0.7134831460674157
805, 0.8050541516245487, 0.7055555555555556, 0.7134831460674157
806, 0.8050541516245487, 0.7055555555555556, 0.7134831460674157
807, 0.8050541516245487, 0.7055555555555556, 0.7134831460674157
808, 0.8050541516245487, 0.7055555555555556, 0.7134831460674157
809, 0.8050541516245487, 0.7055555555555556, 0.7134831460674157
810, 0.8050541516245487, 0.7055555555555556, 0.7191011235955056
811, 0.8050541516245487, 0.7055555555555556, 0.7191011235955056
812, 0.8050541516245487, 0.7055555555555556, 0.7191011235955056
813, 0.8050541516245487, 0.7055555555555556, 0.7191011235955056
814, 0.8050541516245487, 0.7055555555555556, 0.7191011235955056
815, 0.8050541516245487, 0.7055555555555556, 0.7191011235955056
816, 0.8050541516245487, 0.7055555555555556, 0.7191011235955056
817, 0.8050541516245487, 0.7055555555555556, 0.7191011235955056
818, 0.8050541516245487, 0.7, 0.7191011235955056
819, 0.8050541516245487, 0.7, 0.7191011235955056
35	0	3	1	0	2	
0	4	6	0	0	8	
1	0	30	1	2	3	
3	0	1	14	0	1	
2	1	3	1	4	6	
0	0	3	0	2	41	
820, 0.8050541516245487, 0.7, 0.7191011235955056
821, 0.8050541516245487, 0.7, 0.7191011235955056
822, 0.8050541516245487, 0.7, 0.7191011235955056
823, 0.8050541516245487, 0.7, 0.7191011235955056
824, 0.8050541516245487, 0.7, 0.7191011235955056
825, 0.8050541516245487, 0.7, 0.7191011235955056
826, 0.8032490974729242, 0.7055555555555556, 0.7191011235955056
827, 0.8050541516245487, 0.7055555555555556, 0.7191011235955056
828, 0.8050541516245487, 0.7055555555555556, 0.7191011235955056
829, 0.8050541516245487, 0.7055555555555556, 0.7191011235955056
830, 0.8050541516245487, 0.7055555555555556, 0.7191011235955056
831, 0.8050541516245487, 0.7055555555555556, 0.7191011235955056
832, 0.8068592057761733, 0.7055555555555556, 0.7191011235955056
833, 0.8068592057761733, 0.7055555555555556, 0.7191011235955056
834, 0.8068592057761733, 0.7055555555555556, 0.7191011235955056
835, 0.8068592057761733, 0.7055555555555556, 0.7191011235955056
836, 0.8068592057761733, 0.7055555555555556, 0.7191011235955056
837, 0.8068592057761733, 0.7055555555555556, 0.7191011235955056
838, 0.8068592057761733, 0.7055555555555556, 0.7191011235955056
839, 0.8086642599277978, 0.7055555555555556, 0.7191011235955056
35	0	3	1	0	2	
0	4	6	0	0	8	
1	0	30	1	2	3	
3	0	1	14	0	1	
2	1	3	1	4	6	
0	0	3	0	2	41	
840, 0.8086642599277978, 0.7055555555555556, 0.7191011235955056
841, 0.8086642599277978, 0.7055555555555556, 0.7191011235955056
842, 0.8086642599277978, 0.7055555555555556, 0.7191011235955056
843, 0.8086642599277978, 0.7055555555555556, 0.7191011235955056
844, 0.8086642599277978, 0.7055555555555556, 0.7191011235955056
845, 0.8086642599277978, 0.7055555555555556, 0.7134831460674157
846, 0.8086642599277978, 0.7055555555555556, 0.7134831460674157
847, 0.8086642599277978, 0.7055555555555556, 0.7134831460674157
848, 0.8086642599277978, 0.7055555555555556, 0.7134831460674157
849, 0.8086642599277978, 0.7111111111111111, 0.7134831460674157
850, 0.8086642599277978, 0.7111111111111111, 0.7078651685393258
851, 0.8086642599277978, 0.7111111111111111, 0.7078651685393258
852, 0.8086642599277978, 0.7111111111111111, 0.7078651685393258
853, 0.8086642599277978, 0.7111111111111111, 0.7078651685393258
854, 0.8086642599277978, 0.7111111111111111, 0.7078651685393258
855, 0.8086642599277978, 0.7111111111111111, 0.7078651685393258
856, 0.8086642599277978, 0.7111111111111111, 0.7078651685393258
857, 0.8086642599277978, 0.7111111111111111, 0.7078651685393258
858, 0.8086642599277978, 0.7111111111111111, 0.7078651685393258
859, 0.8086642599277978, 0.7111111111111111, 0.7078651685393258
35	0	3	1	0	2	
0	4	6	0	0	8	
1	0	30	1	2	3	
4	0	1	13	0	1	
2	1	3	1	4	6	
1	0	3	0	2	40	
860, 0.8086642599277978, 0.7111111111111111, 0.7078651685393258
861, 0.8086642599277978, 0.7111111111111111, 0.7078651685393258
862, 0.8086642599277978, 0.7111111111111111, 0.7078651685393258
863, 0.8104693140794224, 0.7111111111111111, 0.7078651685393258
864, 0.8104693140794224, 0.7111111111111111, 0.7078651685393258
865, 0.8104693140794224, 0.7166666666666667, 0.7078651685393258
866, 0.8122743682310469, 0.7166666666666667, 0.7078651685393258
867, 0.8122743682310469, 0.7166666666666667, 0.7078651685393258
868, 0.8140794223826715, 0.7166666666666667, 0.7078651685393258
869, 0.8140794223826715, 0.7166666666666667, 0.7078651685393258
870, 0.8140794223826715, 0.7166666666666667, 0.7078651685393258
871, 0.8122743682310469, 0.7166666666666667, 0.7078651685393258
872, 0.8122743682310469, 0.7166666666666667, 0.7078651685393258
873, 0.8104693140794224, 0.7111111111111111, 0.7134831460674157
874, 0.8104693140794224, 0.7111111111111111, 0.7134831460674157
875, 0.8104693140794224, 0.7111111111111111, 0.7191011235955056
876, 0.8104693140794224, 0.7111111111111111, 0.7191011235955056
877, 0.8104693140794224, 0.7111111111111111, 0.7191011235955056
878, 0.8104693140794224, 0.7166666666666667, 0.7191011235955056
879, 0.8104693140794224, 0.7166666666666667, 0.7191011235955056
36	0	3	0	0	2	
1	4	5	0	0	8	
1	0	30	1	2	3	
4	0	1	13	0	1	
2	1	3	1	5	5	
1	0	3	0	2	40	
880, 0.8140794223826715, 0.7166666666666667, 0.7191011235955056
881, 0.8140794223826715, 0.7166666666666667, 0.7191011235955056
882, 0.8140794223826715, 0.7166666666666667, 0.7191011235955056
883, 0.8140794223826715, 0.7166666666666667, 0.7191011235955056
884, 0.8140794223826715, 0.7166666666666667, 0.7191011235955056
885, 0.8140794223826715, 0.7166666666666667, 0.7191011235955056
886, 0.8140794223826715, 0.7166666666666667, 0.7191011235955056
887, 0.8140794223826715, 0.7166666666666667, 0.7191011235955056
888, 0.8158844765342961, 0.7166666666666667, 0.7134831460674157
889, 0.8158844765342961, 0.7166666666666667, 0.7134831460674157
890, 0.8158844765342961, 0.7222222222222222, 0.7134831460674157
891, 0.8158844765342961, 0.7222222222222222, 0.7134831460674157
892, 0.8158844765342961, 0.7222222222222222, 0.7134831460674157
893, 0.8158844765342961, 0.7222222222222222, 0.7134831460674157
894, 0.8158844765342961, 0.7222222222222222, 0.7078651685393258
895, 0.8158844765342961, 0.7222222222222222, 0.7078651685393258
896, 0.8176895306859205, 0.7222222222222222, 0.7078651685393258
897, 0.8176895306859205, 0.7222222222222222, 0.7078651685393258
898, 0.8158844765342961, 0.7222222222222222, 0.7078651685393258
899, 0.8158844765342961, 0.7222222222222222, 0.7078651685393258
36	0	3	0	0	2	
1	4	5	0	0	8	
1	0	30	1	2	3	
4	0	1	13	0	1	
2	1	3	1	5	5	
3	0	3	0	2	38	
900, 0.8158844765342961, 0.7222222222222222, 0.7078651685393258
901, 0.8176895306859205, 0.7222222222222222, 0.7134831460674157
902, 0.8176895306859205, 0.7222222222222222, 0.7134831460674157
903, 0.8176895306859205, 0.7222222222222222, 0.7134831460674157
904, 0.8194945848375451, 0.7222222222222222, 0.7134831460674157
905, 0.8194945848375451, 0.7222222222222222, 0.7134831460674157
906, 0.8176895306859205, 0.7222222222222222, 0.7134831460674157
907, 0.8176895306859205, 0.7222222222222222, 0.7134831460674157
908, 0.8176895306859205, 0.7222222222222222, 0.7134831460674157
909, 0.8194945848375451, 0.7222222222222222, 0.7134831460674157
910, 0.8212996389891697, 0.7222222222222222, 0.7134831460674157
911, 0.8212996389891697, 0.7222222222222222, 0.7134831460674157
912, 0.8212996389891697, 0.7222222222222222, 0.7134831460674157
913, 0.8212996389891697, 0.7222222222222222, 0.7134831460674157
914, 0.8212996389891697, 0.7222222222222222, 0.7134831460674157
915, 0.8212996389891697, 0.7222222222222222, 0.7134831460674157
916, 0.8231046931407943, 0.7277777777777777, 0.7134831460674157
917, 0.8231046931407943, 0.7277777777777777, 0.7134831460674157
918, 0.8231046931407943, 0.7333333333333333, 0.7078651685393258
919, 0.8231046931407943, 0.7277777777777777, 0.7078651685393258
37	0	3	0	0	1	
2	4	4	0	0	8	
1	0	29	1	2	4	
4	0	1	13	0	1	
2	1	3	1	5	5	
3	0	3	0	2	38	
920, 0.8231046931407943, 0.7277777777777777, 0.7078651685393258
921, 0.8231046931407943, 0.7277777777777777, 0.7078651685393258
922, 0.8231046931407943, 0.7277777777777777, 0.7078651685393258
923, 0.8231046931407943, 0.7222222222222222, 0.7078651685393258
924, 0.8231046931407943, 0.7277777777777777, 0.7134831460674157
925, 0.8249097472924187, 0.7277777777777777, 0.7134831460674157
926, 0.8267148014440433, 0.7277777777777777, 0.7134831460674157
927, 0.8267148014440433, 0.7277777777777777, 0.7134831460674157
928, 0.8267148014440433, 0.7277777777777777, 0.7134831460674157
929, 0.8267148014440433, 0.7277777777777777, 0.7134831460674157
930, 0.8267148014440433, 0.7277777777777777, 0.7134831460674157
931, 0.8267148014440433, 0.7277777777777777, 0.7078651685393258
932, 0.8267148014440433, 0.7277777777777777, 0.7078651685393258
933, 0.8249097472924187, 0.7277777777777777, 0.7078651685393258
934, 0.8212996389891697, 0.7333333333333333, 0.7078651685393258
935, 0.8212996389891697, 0.7333333333333333, 0.7078651685393258
936, 0.8212996389891697, 0.7333333333333333, 0.7078651685393258
937, 0.8212996389891697, 0.7333333333333333, 0.7078651685393258
938, 0.8212996389891697, 0.7333333333333333, 0.7078651685393258
939, 0.8212996389891697, 0.7333333333333333, 0.7078651685393258
38	0	2	0	0	1	
2	4	4	0	0	8	
1	0	29	0	3	4	
4	0	1	13	0	1	
2	1	3	1	5	5	
3	0	3	0	2	38	
940, 0.8212996389891697, 0.7333333333333333, 0.7134831460674157
941, 0.8231046931407943, 0.7333333333333333, 0.7134831460674157
942, 0.8231046931407943, 0.7333333333333333, 0.7134831460674157
943, 0.8231046931407943, 0.7333333333333333, 0.7134831460674157
944, 0.8249097472924187, 0.7388888888888889, 0.7134831460674157
945, 0.8249097472924187, 0.7388888888888889, 0.7134831460674157
946, 0.8249097472924187, 0.7388888888888889, 0.7134831460674157
947, 0.8249097472924187, 0.7388888888888889, 0.7134831460674157
948, 0.8249097472924187, 0.7388888888888889, 0.7134831460674157
949, 0.8267148014440433, 0.7388888888888889, 0.7134831460674157
950, 0.8267148014440433, 0.7388888888888889, 0.7134831460674157
951, 0.8267148014440433, 0.7388888888888889, 0.7134831460674157
952, 0.8267148014440433, 0.7388888888888889, 0.7134831460674157
953, 0.8267148014440433, 0.7388888888888889, 0.7134831460674157
954, 0.8267148014440433, 0.7333333333333333, 0.7134831460674157
955, 0.8267148014440433, 0.7333333333333333, 0.7134831460674157
956, 0.8267148014440433, 0.7333333333333333, 0.7134831460674157
957, 0.8267148014440433, 0.7333333333333333, 0.7134831460674157
958, 0.8267148014440433, 0.7333333333333333, 0.7134831460674157
959, 0.8285198555956679, 0.7333333333333333, 0.7134831460674157
38	0	2	0	0	1	
2	4	4	0	0	8	
1	0	28	0	4	4	
4	0	1	13	0	1	
2	1	3	1	5	5	
3	0	3	0	2	38	
960, 0.8285198555956679, 0.7333333333333333, 0.7078651685393258
961, 0.8321299638989169, 0.7333333333333333, 0.7078651685393258
962, 0.8321299638989169, 0.7333333333333333, 0.7078651685393258
963, 0.8321299638989169, 0.7277777777777777, 0.7078651685393258
964, 0.8321299638989169, 0.7277777777777777, 0.7078651685393258
965, 0.8321299638989169, 0.7277777777777777, 0.7078651685393258
966, 0.8321299638989169, 0.7277777777777777, 0.702247191011236
967, 0.8339350180505415, 0.7277777777777777, 0.702247191011236
968, 0.8321299638989169, 0.7277777777777777, 0.7078651685393258
969, 0.8303249097472925, 0.7277777777777777, 0.7134831460674157
970, 0.8303249097472925, 0.7277777777777777, 0.7078651685393258
971, 0.8285198555956679, 0.7277777777777777, 0.7078651685393258
972, 0.8285198555956679, 0.7277777777777777, 0.702247191011236
973, 0.8303249097472925, 0.7166666666666667, 0.7078651685393258
974, 0.8303249097472925, 0.7277777777777777, 0.7078651685393258
975, 0.8303249097472925, 0.7277777777777777, 0.702247191011236
976, 0.8303249097472925, 0.7277777777777777, 0.7078651685393258
977, 0.8339350180505415, 0.7277777777777777, 0.702247191011236
978, 0.8339350180505415, 0.7277777777777777, 0.702247191011236
979, 0.8339350180505415, 0.7277777777777777, 0.702247191011236
36	0	3	0	0	2	
1	4	5	0	0	8	
1	0	28	0	4	4	
4	0	1	13	0	1	
2	1	3	1	5	5	
2	0	3	0	2	39	
980, 0.8339350180505415, 0.7277777777777777, 0.702247191011236
981, 0.8303249097472925, 0.7277777777777777, 0.7078651685393258
982, 0.8303249097472925, 0.7277777777777777, 0.702247191011236
983, 0.8375451263537906, 0.7277777777777777, 0.702247191011236
984, 0.8321299638989169, 0.7277777777777777, 0.7078651685393258
985, 0.8321299638989169, 0.7277777777777777, 0.7078651685393258
986, 0.8321299638989169, 0.7277777777777777, 0.7078651685393258
987, 0.8321299638989169, 0.7277777777777777, 0.7078651685393258
988, 0.8321299638989169, 0.7277777777777777, 0.7078651685393258
989, 0.8321299638989169, 0.7222222222222222, 0.7078651685393258
990, 0.8321299638989169, 0.7222222222222222, 0.7078651685393258
991, 0.8321299638989169, 0.7222222222222222, 0.7078651685393258
992, 0.8321299638989169, 0.7222222222222222, 0.7078651685393258
993, 0.8321299638989169, 0.7222222222222222, 0.7078651685393258
994, 0.8321299638989169, 0.7222222222222222, 0.7078651685393258
995, 0.8321299638989169, 0.7222222222222222, 0.7078651685393258
996, 0.8321299638989169, 0.7222222222222222, 0.7078651685393258
997, 0.8339350180505415, 0.7222222222222222, 0.7078651685393258
998, 0.8357400722021661, 0.7222222222222222, 0.7078651685393258
999, 0.8357400722021661, 0.7277777777777777, 0.702247191011236
36	0	3	0	0	2	
1	4	5	0	0	8	
1	0	28	0	4	4	
4	0	1	13	0	1	
2	1	3	1	5	5	
2	0	3	0	2	39	
1000, 0.8339350180505415, 0.7277777777777777, 0.702247191011236
1001, 0.8339350180505415, 0.7277777777777777, 0.7078651685393258
1002, 0.8339350180505415, 0.7222222222222222, 0.702247191011236
1003, 0.8321299638989169, 0.7222222222222222, 0.7078651685393258
1004, 0.8321299638989169, 0.7111111111111111, 0.7078651685393258
1005, 0.8321299638989169, 0.7055555555555556, 0.702247191011236
1006, 0.8339350180505415, 0.7111111111111111, 0.702247191011236
1007, 0.8339350180505415, 0.7166666666666667, 0.702247191011236
1008, 0.8339350180505415, 0.7222222222222222, 0.702247191011236
1009, 0.8357400722021661, 0.7277777777777777, 0.7078651685393258
1010, 0.8357400722021661, 0.7277777777777777, 0.7078651685393258
1011, 0.8375451263537906, 0.7277777777777777, 0.7078651685393258
1012, 0.8375451263537906, 0.7277777777777777, 0.702247191011236
1013, 0.8357400722021661, 0.7277777777777777, 0.702247191011236
1014, 0.8357400722021661, 0.7277777777777777, 0.702247191011236
1015, 0.8357400722021661, 0.7277777777777777, 0.6966292134831461
1016, 0.8357400722021661, 0.7277777777777777, 0.6966292134831461
1017, 0.8375451263537906, 0.7277777777777777, 0.702247191011236
1018, 0.8375451263537906, 0.7222222222222222, 0.702247191011236
1019, 0.8375451263537906, 0.7222222222222222, 0.702247191011236
37	0	3	0	0	1	
1	4	5	0	0	8	
1	0	27	0	5	4	
4	0	1	13	0	1	
2	1	3	1	5	5	
3	0	3	0	2	38	
1020, 0.8375451263537906, 0.7277777777777777, 0.6966292134831461
1021, 0.8375451263537906, 0.7277777777777777, 0.6966292134831461
1022, 0.8375451263537906, 0.7277777777777777, 0.6966292134831461
1023, 0.8375451263537906, 0.7277777777777777, 0.702247191011236
1024, 0.8357400722021661, 0.7277777777777777, 0.6966292134831461
1025, 0.8357400722021661, 0.7277777777777777, 0.6966292134831461
1026, 0.8339350180505415, 0.7277777777777777, 0.702247191011236
1027, 0.8357400722021661, 0.7222222222222222, 0.702247191011236
1028, 0.8357400722021661, 0.7166666666666667, 0.6966292134831461
1029, 0.8357400722021661, 0.7166666666666667, 0.6966292134831461
1030, 0.8357400722021661, 0.7166666666666667, 0.6966292134831461
1031, 0.8357400722021661, 0.7166666666666667, 0.6966292134831461
1032, 0.8375451263537906, 0.7166666666666667, 0.6966292134831461
1033, 0.8375451263537906, 0.7166666666666667, 0.6966292134831461
1034, 0.8375451263537906, 0.7166666666666667, 0.6966292134831461
1035, 0.8375451263537906, 0.7166666666666667, 0.6966292134831461
1036, 0.8393501805054152, 0.7166666666666667, 0.6966292134831461
1037, 0.8411552346570397, 0.7166666666666667, 0.6966292134831461
1038, 0.8393501805054152, 0.7166666666666667, 0.6966292134831461
1039, 0.8393501805054152, 0.7166666666666667, 0.6966292134831461
35	0	3	1	0	2	
1	4	5	0	0	8	
1	0	28	0	4	4	
3	0	1	13	1	1	
2	1	3	1	5	5	
1	0	3	0	3	39	
1040, 0.8393501805054152, 0.7166666666666667, 0.6966292134831461
1041, 0.8375451263537906, 0.7166666666666667, 0.6966292134831461
1042, 0.8393501805054152, 0.7166666666666667, 0.6966292134831461
1043, 0.8375451263537906, 0.7166666666666667, 0.6966292134831461
1044, 0.8375451263537906, 0.7166666666666667, 0.6966292134831461
1045, 0.8375451263537906, 0.7166666666666667, 0.6966292134831461
1046, 0.8393501805054152, 0.7166666666666667, 0.6966292134831461
1047, 0.8393501805054152, 0.7166666666666667, 0.6966292134831461
1048, 0.8393501805054152, 0.7166666666666667, 0.702247191011236
1049, 0.8393501805054152, 0.7111111111111111, 0.702247191011236
1050, 0.8393501805054152, 0.7111111111111111, 0.7078651685393258
1051, 0.8393501805054152, 0.7111111111111111, 0.7078651685393258
1052, 0.8393501805054152, 0.7111111111111111, 0.7078651685393258
1053, 0.8393501805054152, 0.7111111111111111, 0.7078651685393258
1054, 0.8393501805054152, 0.7111111111111111, 0.7078651685393258
1055, 0.8411552346570397, 0.7111111111111111, 0.7078651685393258
1056, 0.8411552346570397, 0.7055555555555556, 0.7134831460674157
1057, 0.8411552346570397, 0.7055555555555556, 0.7191011235955056
1058, 0.8411552346570397, 0.7055555555555556, 0.7191011235955056
1059, 0.8429602888086642, 0.7055555555555556, 0.7191011235955056
35	0	3	1	0	2	
1	6	5	0	0	6	
1	0	29	0	5	2	
3	0	1	13	1	1	
2	1	3	0	6	5	
1	0	3	0	3	39	
1060, 0.8429602888086642, 0.7055555555555556, 0.7191011235955056
1061, 0.8429602888086642, 0.7055555555555556, 0.7191011235955056
1062, 0.8429602888086642, 0.7055555555555556, 0.7191011235955056
1063, 0.8429602888086642, 0.7055555555555556, 0.7191011235955056
1064, 0.8411552346570397, 0.7055555555555556, 0.7191011235955056
1065, 0.8393501805054152, 0.7055555555555556, 0.7191011235955056
1066, 0.8393501805054152, 0.7055555555555556, 0.7191011235955056
1067, 0.8393501805054152, 0.7055555555555556, 0.7191011235955056
1068, 0.8393501805054152, 0.7055555555555556, 0.7191011235955056
1069, 0.8393501805054152, 0.7, 0.7191011235955056
1070, 0.8393501805054152, 0.7, 0.7191011235955056
1071, 0.8393501805054152, 0.7, 0.7134831460674157
1072, 0.8393501805054152, 0.7, 0.7134831460674157
1073, 0.8393501805054152, 0.7, 0.7134831460674157
1074, 0.8393501805054152, 0.6944444444444444, 0.7134831460674157
1075, 0.8393501805054152, 0.6944444444444444, 0.7134831460674157
1076, 0.8393501805054152, 0.6944444444444444, 0.7134831460674157
1077, 0.8429602888086642, 0.6944444444444444, 0.7134831460674157
1078, 0.8429602888086642, 0.6944444444444444, 0.7134831460674157
1079, 0.8429602888086642, 0.6944444444444444, 0.7134831460674157
35	0	3	1	1	1	
1	6	5	0	0	6	
1	0	28	0	5	3	
3	0	1	13	1	1	
2	1	3	0	6	5	
1	0	3	0	3	39	
1080, 0.8429602888086642, 0.7, 0.7134831460674157
1081, 0.8447653429602888, 0.7, 0.7134831460674157
1082, 0.8447653429602888, 0.6944444444444444, 0.7134831460674157
1083, 0.8447653429602888, 0.7, 0.7134831460674157
1084, 0.8447653429602888, 0.7, 0.7134831460674157
1085, 0.8447653429602888, 0.7, 0.7134831460674157
1086, 0.8447653429602888, 0.7, 0.7191011235955056
1087, 0.8447653429602888, 0.7, 0.7191011235955056
1088, 0.8447653429602888, 0.7, 0.7191011235955056
1089, 0.8447653429602888, 0.7, 0.7134831460674157
1090, 0.8447653429602888, 0.7, 0.7134831460674157
1091, 0.8465703971119134, 0.7, 0.7134831460674157
1092, 0.8465703971119134, 0.7, 0.7134831460674157
1093, 0.8465703971119134, 0.7, 0.7134831460674157
1094, 0.8465703971119134, 0.7, 0.7134831460674157
1095, 0.8465703971119134, 0.7, 0.7134831460674157
1096, 0.8465703971119134, 0.6944444444444444, 0.7134831460674157
1097, 0.8465703971119134, 0.7, 0.7134831460674157
1098, 0.8465703971119134, 0.7, 0.7134831460674157
1099, 0.8465703971119134, 0.7, 0.7134831460674157
35	0	3	1	1	1	
1	6	5	0	0	6	
1	0	27	0	6	3	
3	0	1	13	1	1	
2	1	2	0	7	5	
1	0	3	0	3	39	
1100, 0.8465703971119134, 0.7, 0.7134831460674157
1101, 0.8465703971119134, 0.7055555555555556, 0.7134831460674157
1102, 0.8465703971119134, 0.7055555555555556, 0.7134831460674157
1103, 0.8465703971119134, 0.7055555555555556, 0.7134831460674157
1104, 0.8465703971119134, 0.7055555555555556, 0.7134831460674157
1105, 0.8465703971119134, 0.7055555555555556, 0.7134831460674157
1106, 0.8447653429602888, 0.7055555555555556, 0.7134831460674157
1107, 0.8447653429602888, 0.7111111111111111, 0.7134831460674157
1108, 0.8465703971119134, 0.7055555555555556, 0.7134831460674157
1109, 0.8447653429602888, 0.7055555555555556, 0.7134831460674157
1110, 0.8465703971119134, 0.7055555555555556, 0.7134831460674157
1111, 0.8465703971119134, 0.7055555555555556, 0.7134831460674157
1112, 0.8483754512635379, 0.7111111111111111, 0.7191011235955056
1113, 0.8465703971119134, 0.7111111111111111, 0.7191011235955056
1114, 0.8483754512635379, 0.7166666666666667, 0.7191011235955056
1115, 0.8483754512635379, 0.7166666666666667, 0.7191011235955056
1116, 0.851985559566787, 0.7166666666666667, 0.7191011235955056
1117, 0.851985559566787, 0.7111111111111111, 0.7191011235955056
1118, 0.8501805054151624, 0.6944444444444444, 0.7191011235955056
1119, 0.8501805054151624, 0.7055555555555556, 0.7191011235955056
35	0	3	1	1	1	
1	6	5	0	0	6	
1	0	28	0	6	2	
3	0	1	13	1	1	
2	1	2	0	7	5	
1	0	3	0	3	39	
1120, 0.8501805054151624, 0.7222222222222222, 0.7191011235955056
1121, 0.8483754512635379, 0.7277777777777777, 0.7191011235955056
1122, 0.8501805054151624, 0.7166666666666667, 0.7191011235955056
1123, 0.8501805054151624, 0.7111111111111111, 0.7191011235955056
1124, 0.8483754512635379, 0.7, 0.7134831460674157
1125, 0.8501805054151624, 0.7166666666666667, 0.7191011235955056
1126, 0.851985559566787, 0.7111111111111111, 0.7134831460674157
1127, 0.851985559566787, 0.7111111111111111, 0.7134831460674157
1128, 0.8465703971119134, 0.6944444444444444, 0.7134831460674157
1129, 0.8483754512635379, 0.7, 0.7134831460674157
1130, 0.8483754512635379, 0.7, 0.7134831460674157
1131, 0.8447653429602888, 0.6944444444444444, 0.7078651685393258
1132, 0.8447653429602888, 0.7, 0.7078651685393258
1133, 0.8447653429602888, 0.7055555555555556, 0.7134831460674157
1134, 0.851985559566787, 0.7055555555555556, 0.7191011235955056
1135, 0.851985559566787, 0.7111111111111111, 0.7191011235955056
1136, 0.851985559566787, 0.7111111111111111, 0.7247191011235955
1137, 0.8501805054151624, 0.7, 0.7134831460674157
1138, 0.8465703971119134, 0.6944444444444444, 0.7134831460674157
1139, 0.8465703971119134, 0.6944444444444444, 0.7134831460674157
35	0	3	1	1	1	
0	6	5	0	1	6	
1	0	27	0	6	3	
3	0	1	13	1	1	
2	1	2	0	7	5	
1	0	3	0	3	39	
1140, 0.8465703971119134, 0.6888888888888889, 0.7134831460674157
1141, 0.8537906137184116, 0.7111111111111111, 0.7078651685393258
1142, 0.851985559566787, 0.7111111111111111, 0.7191011235955056
1143, 0.8592057761732852, 0.7055555555555556, 0.7134831460674157
1144, 0.855595667870036, 0.7111111111111111, 0.7134831460674157
1145, 0.851985559566787, 0.7111111111111111, 0.7247191011235955
1146, 0.8592057761732852, 0.7055555555555556, 0.7191011235955056
1147, 0.8574007220216606, 0.7222222222222222, 0.7134831460674157
1148, 0.851985559566787, 0.7055555555555556, 0.7191011235955056
1149, 0.8537906137184116, 0.7055555555555556, 0.7247191011235955
1150, 0.851985559566787, 0.7055555555555556, 0.7191011235955056
1151, 0.855595667870036, 0.7166666666666667, 0.7134831460674157
1152, 0.8574007220216606, 0.7222222222222222, 0.7191011235955056
1153, 0.8122743682310469, 0.6388888888888888, 0.6741573033707865
1154, 0.855595667870036, 0.7111111111111111, 0.7078651685393258
1155, 0.851985559566787, 0.7055555555555556, 0.7247191011235955
1156, 0.8574007220216606, 0.7166666666666667, 0.7134831460674157
1157, 0.8537906137184116, 0.7055555555555556, 0.7078651685393258
1158, 0.855595667870036, 0.7055555555555556, 0.7134831460674157
1159, 0.855595667870036, 0.7055555555555556, 0.7134831460674157
35	0	3	1	1	1	
0	6	5	0	1	6	
1	0	28	0	6	2	
3	0	1	13	1	1	
1	1	2	0	8	5	
2	0	3	0	3	38	
1160, 0.851985559566787, 0.7055555555555556, 0.7191011235955056
1161, 0.855595667870036, 0.7055555555555556, 0.7134831460674157
1162, 0.8574007220216606, 0.7166666666666667, 0.7191011235955056
1163, 0.8501805054151624, 0.7055555555555556, 0.7191011235955056
1164, 0.8501805054151624, 0.7055555555555556, 0.7134831460674157
1165, 0.855595667870036, 0.7055555555555556, 0.7134831460674157
1166, 0.851985559566787, 0.7055555555555556, 0.7247191011235955
1167, 0.855595667870036, 0.7111111111111111, 0.7247191011235955
1168, 0.855595667870036, 0.7111111111111111, 0.7078651685393258
1169, 0.851985559566787, 0.7055555555555556, 0.7191011235955056
1170, 0.851985559566787, 0.7055555555555556, 0.7191011235955056
1171, 0.8537906137184116, 0.7111111111111111, 0.7303370786516854
1172, 0.851985559566787, 0.7, 0.7134831460674157
1173, 0.855595667870036, 0.7, 0.7078651685393258
1174, 0.8574007220216606, 0.7, 0.702247191011236
1175, 0.855595667870036, 0.7055555555555556, 0.7078651685393258
1176, 0.8537906137184116, 0.7, 0.7247191011235955
1177, 0.8537906137184116, 0.7055555555555556, 0.7191011235955056
1178, 0.855595667870036, 0.7055555555555556, 0.7078651685393258
1179, 0.8537906137184116, 0.7111111111111111, 0.7247191011235955
36	0	3	0	1	1	
1	5	5	0	1	6	
1	0	27	0	7	2	
3	0	1	13	1	1	
2	0	2	0	9	4	
2	0	2	0	4	38	
1180, 0.851985559566787, 0.7055555555555556, 0.7191011235955056
1181, 0.8574007220216606, 0.7055555555555556, 0.7078651685393258
1182, 0.855595667870036, 0.7055555555555556, 0.7134831460674157
1183, 0.855595667870036, 0.7055555555555556, 0.7247191011235955
1184, 0.8574007220216606, 0.7111111111111111, 0.7078651685393258
1185, 0.8574007220216606, 0.7055555555555556, 0.7191011235955056
1186, 0.855595667870036, 0.7055555555555556, 0.7134831460674157
1187, 0.855595667870036, 0.7055555555555556, 0.7134831460674157
1188, 0.8574007220216606, 0.7111111111111111, 0.7191011235955056
1189, 0.8537906137184116, 0.7, 0.7191011235955056
1190, 0.8158844765342961, 0.6555555555555556, 0.6741573033707865
1191, 0.8411552346570397, 0.6888888888888889, 0.702247191011236
1192, 0.8537906137184116, 0.7, 0.7191011235955056
1193, 0.8592057761732852, 0.7055555555555556, 0.7191011235955056
1194, 0.8592057761732852, 0.7, 0.7191011235955056
1195, 0.8537906137184116, 0.7055555555555556, 0.7191011235955056
1196, 0.855595667870036, 0.7, 0.7303370786516854
1197, 0.855595667870036, 0.6944444444444444, 0.7303370786516854
