0, 0.09205776173285199, 0.09444444444444444, 0.09550561797752809
1, 0.09205776173285199, 0.09444444444444444, 0.09550561797752809
2, 0.09205776173285199, 0.09444444444444444, 0.09550561797752809
3, 0.09205776173285199, 0.09444444444444444, 0.09550561797752809
4, 0.09205776173285199, 0.09444444444444444, 0.09550561797752809
5, 0.09205776173285199, 0.09444444444444444, 0.09550561797752809
6, 0.09205776173285199, 0.09444444444444444, 0.09550561797752809
7, 0.09205776173285199, 0.09444444444444444, 0.09550561797752809
8, 0.09205776173285199, 0.09444444444444444, 0.09550561797752809
9, 0.09205776173285199, 0.09444444444444444, 0.09550561797752809
10, 0.09205776173285199, 0.09444444444444444, 0.09550561797752809
11, 0.09205776173285199, 0.09444444444444444, 0.09550561797752809
12, 0.09205776173285199, 0.09444444444444444, 0.09550561797752809
13, 0.09205776173285199, 0.09444444444444444, 0.09550561797752809
14, 0.09205776173285199, 0.09444444444444444, 0.09550561797752809
15, 0.09205776173285199, 0.09444444444444444, 0.09550561797752809
16, 0.09205776173285199, 0.09444444444444444, 0.09550561797752809
17, 0.09205776173285199, 0.09444444444444444, 0.09550561797752809
18, 0.09205776173285199, 0.09444444444444444, 0.09550561797752809
19, 0.09205776173285199, 0.09444444444444444, 0.09550561797752809
0	0	0	0	41	0	
0	0	0	0	18	0	
0	0	0	0	37	0	
0	0	0	0	19	0	
0	0	0	0	17	0	
0	0	0	0	46	0	
20, 0.09205776173285199, 0.09444444444444444, 0.09550561797752809
21, 0.09205776173285199, 0.09444444444444444, 0.09550561797752809
22, 0.09205776173285199, 0.09444444444444444, 0.09550561797752809
23, 0.09205776173285199, 0.09444444444444444, 0.09550561797752809
24, 0.09205776173285199, 0.09444444444444444, 0.09550561797752809
25, 0.09205776173285199, 0.09444444444444444, 0.09550561797752809
26, 0.20577617328519857, 0.20555555555555555, 0.20786516853932585
27, 0.20577617328519857, 0.20555555555555555, 0.20786516853932585
28, 0.20577617328519857, 0.20555555555555555, 0.20786516853932585
29, 0.20577617328519857, 0.20555555555555555, 0.20786516853932585
30, 0.20577617328519857, 0.20555555555555555, 0.20786516853932585
31, 0.20577617328519857, 0.20555555555555555, 0.20786516853932585
32, 0.20577617328519857, 0.20555555555555555, 0.20786516853932585
33, 0.20577617328519857, 0.20555555555555555, 0.20786516853932585
34, 0.20577617328519857, 0.20555555555555555, 0.20786516853932585
35, 0.20577617328519857, 0.20555555555555555, 0.20786516853932585
36, 0.20577617328519857, 0.20555555555555555, 0.20786516853932585
37, 0.20577617328519857, 0.20555555555555555, 0.20786516853932585
38, 0.20577617328519857, 0.20555555555555555, 0.20786516853932585
39, 0.20577617328519857, 0.20555555555555555, 0.20786516853932585
0	0	41	0	0	0	
0	0	18	0	0	0	
0	0	37	0	0	0	
0	0	19	0	0	0	
0	0	17	0	0	0	
0	0	46	0	0	0	
40, 0.20577617328519857, 0.20555555555555555, 0.20786516853932585
41, 0.20577617328519857, 0.20555555555555555, 0.20786516853932585
42, 0.20577617328519857, 0.20555555555555555, 0.20786516853932585
43, 0.20577617328519857, 0.20555555555555555, 0.20786516853932585
44, 0.20577617328519857, 0.20555555555555555, 0.20786516853932585
45, 0.20577617328519857, 0.20555555555555555, 0.20786516853932585
46, 0.20577617328519857, 0.20555555555555555, 0.20786516853932585
47, 0.20577617328519857, 0.20555555555555555, 0.20786516853932585
48, 0.20577617328519857, 0.20555555555555555, 0.20786516853932585
49, 0.20577617328519857, 0.20555555555555555, 0.20786516853932585
50, 0.20577617328519857, 0.20555555555555555, 0.20786516853932585
51, 0.20577617328519857, 0.20555555555555555, 0.20786516853932585
52, 0.20577617328519857, 0.20555555555555555, 0.20786516853932585
53, 0.20577617328519857, 0.20555555555555555, 0.20786516853932585
54, 0.20577617328519857, 0.20555555555555555, 0.20786516853932585
55, 0.20577617328519857, 0.20555555555555555, 0.20786516853932585
56, 0.20577617328519857, 0.20555555555555555, 0.20786516853932585
57, 0.20577617328519857, 0.20555555555555555, 0.20786516853932585
58, 0.20577617328519857, 0.20555555555555555, 0.20786516853932585
59, 0.20577617328519857, 0.20555555555555555, 0.20786516853932585
0	0	41	0	0	0	
0	0	18	0	0	0	
0	0	37	0	0	0	
0	0	19	0	0	0	
0	0	17	0	0	0	
0	0	46	0	0	0	
60, 0.20577617328519857, 0.20555555555555555, 0.20786516853932585
61, 0.20577617328519857, 0.20555555555555555, 0.20786516853932585
62, 0.20577617328519857, 0.20555555555555555, 0.20786516853932585
63, 0.20577617328519857, 0.20555555555555555, 0.20786516853932585
64, 0.20577617328519857, 0.20555555555555555, 0.20786516853932585
65, 0.20577617328519857, 0.20555555555555555, 0.20786516853932585
66, 0.20577617328519857, 0.20555555555555555, 0.20786516853932585
67, 0.20577617328519857, 0.20555555555555555, 0.20786516853932585
68, 0.20577617328519857, 0.20555555555555555, 0.20786516853932585
69, 0.20577617328519857, 0.20555555555555555, 0.20786516853932585
70, 0.20577617328519857, 0.20555555555555555, 0.20786516853932585
71, 0.20577617328519857, 0.20555555555555555, 0.20786516853932585
72, 0.20577617328519857, 0.20555555555555555, 0.20786516853932585
73, 0.20577617328519857, 0.20555555555555555, 0.20786516853932585
74, 0.20577617328519857, 0.20555555555555555, 0.20786516853932585
75, 0.20577617328519857, 0.20555555555555555, 0.20786516853932585
76, 0.20577617328519857, 0.20555555555555555, 0.20786516853932585
77, 0.20577617328519857, 0.20555555555555555, 0.20786516853932585
78, 0.20577617328519857, 0.20555555555555555, 0.20786516853932585
79, 0.20577617328519857, 0.20555555555555555, 0.20786516853932585
0	0	41	0	0	0	
0	0	18	0	0	0	
0	0	37	0	0	0	
0	0	19	0	0	0	
0	0	17	0	0	0	
0	0	46	0	0	0	
80, 0.20577617328519857, 0.20555555555555555, 0.20786516853932585
81, 0.20577617328519857, 0.20555555555555555, 0.20786516853932585
82, 0.20577617328519857, 0.20555555555555555, 0.20786516853932585
83, 0.20577617328519857, 0.20555555555555555, 0.20786516853932585
84, 0.20577617328519857, 0.20555555555555555, 0.20786516853932585
85, 0.20577617328519857, 0.20555555555555555, 0.20786516853932585
86, 0.20577617328519857, 0.20555555555555555, 0.20786516853932585
87, 0.20577617328519857, 0.20555555555555555, 0.20786516853932585
88, 0.20577617328519857, 0.20555555555555555, 0.20786516853932585
89, 0.20577617328519857, 0.20555555555555555, 0.20786516853932585
90, 0.20577617328519857, 0.20555555555555555, 0.20786516853932585
91, 0.20577617328519857, 0.20555555555555555, 0.20786516853932585
92, 0.20577617328519857, 0.20555555555555555, 0.20786516853932585
93, 0.20577617328519857, 0.20555555555555555, 0.20786516853932585
94, 0.20577617328519857, 0.20555555555555555, 0.20786516853932585
95, 0.20577617328519857, 0.20555555555555555, 0.20786516853932585
96, 0.20577617328519857, 0.20555555555555555, 0.20786516853932585
97, 0.20577617328519857, 0.20555555555555555, 0.20786516853932585
98, 0.20577617328519857, 0.20555555555555555, 0.20786516853932585
99, 0.20577617328519857, 0.20555555555555555, 0.20786516853932585
0	0	41	0	0	0	
0	0	18	0	0	0	
0	0	37	0	0	0	
0	0	19	0	0	0	
0	0	17	0	0	0	
0	0	46	0	0	0	
100, 0.20577617328519857, 0.20555555555555555, 0.20786516853932585
101, 0.20577617328519857, 0.20555555555555555, 0.20786516853932585
102, 0.20577617328519857, 0.20555555555555555, 0.20786516853932585
103, 0.20577617328519857, 0.20555555555555555, 0.20786516853932585
104, 0.20577617328519857, 0.20555555555555555, 0.20786516853932585
105, 0.20577617328519857, 0.20555555555555555, 0.20786516853932585
106, 0.20577617328519857, 0.20555555555555555, 0.20786516853932585
107, 0.20577617328519857, 0.20555555555555555, 0.20786516853932585
108, 0.20577617328519857, 0.20555555555555555, 0.20786516853932585
109, 0.20577617328519857, 0.20555555555555555, 0.20786516853932585
110, 0.20577617328519857, 0.20555555555555555, 0.20786516853932585
111, 0.20577617328519857, 0.20555555555555555, 0.20786516853932585
112, 0.20577617328519857, 0.20555555555555555, 0.20786516853932585
113, 0.20577617328519857, 0.20555555555555555, 0.20786516853932585
114, 0.20577617328519857, 0.20555555555555555, 0.20786516853932585
115, 0.20577617328519857, 0.20555555555555555, 0.20786516853932585
116, 0.20577617328519857, 0.20555555555555555, 0.20786516853932585
117, 0.20577617328519857, 0.20555555555555555, 0.20786516853932585
118, 0.20577617328519857, 0.20555555555555555, 0.20786516853932585
119, 0.20577617328519857, 0.20555555555555555, 0.20786516853932585
0	0	41	0	0	0	
0	0	18	0	0	0	
0	0	37	0	0	0	
0	0	19	0	0	0	
0	0	17	0	0	0	
0	0	46	0	0	0	
120, 0.20577617328519857, 0.20555555555555555, 0.20786516853932585
121, 0.20577617328519857, 0.20555555555555555, 0.20786516853932585
122, 0.20577617328519857, 0.20555555555555555, 0.20786516853932585
123, 0.20577617328519857, 0.20555555555555555, 0.20786516853932585
124, 0.20577617328519857, 0.20555555555555555, 0.20786516853932585
125, 0.20577617328519857, 0.20555555555555555, 0.20786516853932585
126, 0.20577617328519857, 0.20555555555555555, 0.20786516853932585
127, 0.20577617328519857, 0.20555555555555555, 0.20786516853932585
128, 0.20577617328519857, 0.20555555555555555, 0.20786516853932585
129, 0.20577617328519857, 0.20555555555555555, 0.20786516853932585
130, 0.20577617328519857, 0.20555555555555555, 0.20786516853932585
131, 0.20577617328519857, 0.20555555555555555, 0.20786516853932585
132, 0.20577617328519857, 0.20555555555555555, 0.20786516853932585
133, 0.20577617328519857, 0.20555555555555555, 0.20786516853932585
134, 0.20577617328519857, 0.20555555555555555, 0.20786516853932585
135, 0.20577617328519857, 0.20555555555555555, 0.20786516853932585
136, 0.20577617328519857, 0.20555555555555555, 0.20786516853932585
137, 0.20577617328519857, 0.20555555555555555, 0.20786516853932585
138, 0.20577617328519857, 0.20555555555555555, 0.20786516853932585
139, 0.20577617328519857, 0.20555555555555555, 0.20786516853932585
0	0	41	0	0	0	
0	0	18	0	0	0	
0	0	37	0	0	0	
0	0	19	0	0	0	
0	0	17	0	0	0	
0	0	46	0	0	0	
140, 0.20577617328519857, 0.20555555555555555, 0.20786516853932585
141, 0.20577617328519857, 0.20555555555555555, 0.20786516853932585
142, 0.20577617328519857, 0.20555555555555555, 0.20786516853932585
143, 0.20577617328519857, 0.20555555555555555, 0.20786516853932585
144, 0.20577617328519857, 0.20555555555555555, 0.20786516853932585
145, 0.20577617328519857, 0.20555555555555555, 0.20786516853932585
146, 0.20577617328519857, 0.20555555555555555, 0.20786516853932585
147, 0.20577617328519857, 0.20555555555555555, 0.20786516853932585
148, 0.20577617328519857, 0.20555555555555555, 0.20786516853932585
149, 0.20577617328519857, 0.20555555555555555, 0.20786516853932585
150, 0.20577617328519857, 0.20555555555555555, 0.20786516853932585
151, 0.20577617328519857, 0.20555555555555555, 0.20786516853932585
152, 0.20577617328519857, 0.20555555555555555, 0.20786516853932585
153, 0.20577617328519857, 0.20555555555555555, 0.20786516853932585
154, 0.20577617328519857, 0.20555555555555555, 0.20786516853932585
155, 0.20577617328519857, 0.20555555555555555, 0.20786516853932585
156, 0.20577617328519857, 0.20555555555555555, 0.20786516853932585
157, 0.20577617328519857, 0.20555555555555555, 0.20786516853932585
158, 0.20577617328519857, 0.20555555555555555, 0.20786516853932585
159, 0.20577617328519857, 0.20555555555555555, 0.20786516853932585
0	0	41	0	0	0	
0	0	18	0	0	0	
0	0	37	0	0	0	
0	0	19	0	0	0	
0	0	17	0	0	0	
0	0	46	0	0	0	
160, 0.20577617328519857, 0.20555555555555555, 0.20786516853932585
161, 0.20577617328519857, 0.20555555555555555, 0.20786516853932585
162, 0.20577617328519857, 0.20555555555555555, 0.20786516853932585
163, 0.20577617328519857, 0.20555555555555555, 0.20786516853932585
164, 0.20577617328519857, 0.20555555555555555, 0.20786516853932585
165, 0.20577617328519857, 0.20555555555555555, 0.20786516853932585
166, 0.20577617328519857, 0.20555555555555555, 0.20786516853932585
167, 0.20577617328519857, 0.20555555555555555, 0.20786516853932585
168, 0.20577617328519857, 0.20555555555555555, 0.20786516853932585
169, 0.20577617328519857, 0.20555555555555555, 0.20786516853932585
170, 0.20577617328519857, 0.20555555555555555, 0.20786516853932585
171, 0.20577617328519857, 0.20555555555555555, 0.20786516853932585
172, 0.20577617328519857, 0.20555555555555555, 0.20786516853932585
173, 0.20577617328519857, 0.20555555555555555, 0.20786516853932585
174, 0.20577617328519857, 0.20555555555555555, 0.20786516853932585
175, 0.20577617328519857, 0.20555555555555555, 0.20786516853932585
176, 0.20577617328519857, 0.20555555555555555, 0.20786516853932585
177, 0.20577617328519857, 0.20555555555555555, 0.20786516853932585
178, 0.20577617328519857, 0.20555555555555555, 0.20786516853932585
179, 0.20577617328519857, 0.20555555555555555, 0.20786516853932585
0	0	41	0	0	0	
0	0	18	0	0	0	
0	0	37	0	0	0	
0	0	19	0	0	0	
0	0	17	0	0	0	
0	0	46	0	0	0	
180, 0.20577617328519857, 0.20555555555555555, 0.20786516853932585
181, 0.20577617328519857, 0.20555555555555555, 0.20786516853932585
182, 0.20577617328519857, 0.20555555555555555, 0.20786516853932585
183, 0.20577617328519857, 0.20555555555555555, 0.20786516853932585
184, 0.20577617328519857, 0.20555555555555555, 0.20786516853932585
185, 0.20577617328519857, 0.20555555555555555, 0.20786516853932585
186, 0.20577617328519857, 0.20555555555555555, 0.20786516853932585
187, 0.20577617328519857, 0.20555555555555555, 0.20786516853932585
188, 0.20577617328519857, 0.20555555555555555, 0.20786516853932585
189, 0.20577617328519857, 0.20555555555555555, 0.20786516853932585
190, 0.20577617328519857, 0.20555555555555555, 0.20786516853932585
191, 0.20577617328519857, 0.20555555555555555, 0.20786516853932585
192, 0.20577617328519857, 0.20555555555555555, 0.20786516853932585
193, 0.20577617328519857, 0.20555555555555555, 0.20786516853932585
194, 0.20577617328519857, 0.20555555555555555, 0.20786516853932585
195, 0.20577617328519857, 0.20555555555555555, 0.20786516853932585
196, 0.20577617328519857, 0.20555555555555555, 0.20786516853932585
197, 0.20577617328519857, 0.20555555555555555, 0.20786516853932585
198, 0.20577617328519857, 0.20555555555555555, 0.20786516853932585
199, 0.2075812274368231, 0.20555555555555555, 0.20786516853932585
0	0	41	0	0	0	
0	0	17	0	0	1	
0	0	37	0	0	0	
0	0	18	0	0	1	
0	0	17	0	0	0	
0	0	46	0	0	0	
200, 0.2075812274368231, 0.20555555555555555, 0.20786516853932585
201, 0.2075812274368231, 0.20555555555555555, 0.20786516853932585
202, 0.2075812274368231, 0.2111111111111111, 0.20786516853932585
203, 0.20938628158844766, 0.21666666666666667, 0.20786516853932585
204, 0.21299638989169675, 0.21666666666666667, 0.20786516853932585
205, 0.21299638989169675, 0.21666666666666667, 0.20786516853932585
206, 0.21299638989169675, 0.21666666666666667, 0.20786516853932585
207, 0.21299638989169675, 0.21666666666666667, 0.20786516853932585
208, 0.21299638989169675, 0.21666666666666667, 0.21348314606741572
209, 0.21299638989169675, 0.21666666666666667, 0.21348314606741572
210, 0.21299638989169675, 0.21666666666666667, 0.21348314606741572
211, 0.21299638989169675, 0.2222222222222222, 0.21348314606741572
212, 0.21299638989169675, 0.2222222222222222, 0.21348314606741572
213, 0.21299638989169675, 0.22777777777777777, 0.21348314606741572
214, 0.21299638989169675, 0.22777777777777777, 0.21910112359550563
215, 0.21299638989169675, 0.22777777777777777, 0.21910112359550563
216, 0.21299638989169675, 0.22777777777777777, 0.21910112359550563
217, 0.21299638989169675, 0.22777777777777777, 0.2247191011235955
218, 0.21299638989169675, 0.22777777777777777, 0.2303370786516854
219, 0.21299638989169675, 0.22777777777777777, 0.2303370786516854
0	0	41	0	0	0	
0	0	17	0	0	1	
0	0	37	0	0	0	
0	0	17	0	0	2	
0	0	17	0	0	0	
0	0	42	0	0	4	
220, 0.21299638989169675, 0.22777777777777777, 0.2303370786516854
221, 0.21299638989169675, 0.22777777777777777, 0.2303370786516854
222, 0.21299638989169675, 0.22777777777777777, 0.2303370786516854
223, 0.21299638989169675, 0.22777777777777777, 0.23595505617977527
224, 0.21660649819494585, 0.22777777777777777, 0.23595505617977527
225, 0.21660649819494585, 0.22777777777777777, 0.23595505617977527
226, 0.22202166064981949, 0.22777777777777777, 0.23595505617977527
227, 0.22202166064981949, 0.23333333333333334, 0.23595505617977527
228, 0.23104693140794225, 0.24444444444444444, 0.24157303370786518
229, 0.24187725631768953, 0.24444444444444444, 0.25842696629213485
230, 0.2527075812274368, 0.24444444444444444, 0.2752808988764045
231, 0.259927797833935, 0.26666666666666666, 0.2808988764044944
232, 0.26714801444043323, 0.26666666666666666, 0.28651685393258425
233, 0.2779783393501805, 0.28888888888888886, 0.28651685393258425
234, 0.296028880866426, 0.29444444444444445, 0.29775280898876405
235, 0.2996389891696751, 0.29444444444444445, 0.3089887640449438
236, 0.30144404332129965, 0.3, 0.3258426966292135
237, 0.30505415162454874, 0.31666666666666665, 0.33146067415730335
238, 0.3140794223826715, 0.3277777777777778, 0.33146067415730335
239, 0.3249097472924188, 0.3277777777777778, 0.33707865168539325
19	0	22	0	0	0	
0	0	17	0	0	1	
1	0	35	0	0	1	
1	0	12	0	0	6	
0	0	17	0	0	0	
0	0	40	0	0	6	
240, 0.33935018050541516, 0.3277777777777778, 0.33707865168539325
241, 0.351985559566787, 0.3277777777777778, 0.33707865168539325
242, 0.36101083032490977, 0.3333333333333333, 0.33146067415730335
243, 0.3664259927797834, 0.35, 0.34269662921348315
244, 0.37184115523465705, 0.35555555555555557, 0.34269662921348315
245, 0.37184115523465705, 0.35555555555555557, 0.3539325842696629
246, 0.37545126353790614, 0.3611111111111111, 0.3595505617977528
247, 0.37725631768953066, 0.3611111111111111, 0.3651685393258427
248, 0.3844765342960289, 0.37222222222222223, 0.3707865168539326
249, 0.3898916967509025, 0.37777777777777777, 0.37640449438202245
250, 0.3898916967509025, 0.3888888888888889, 0.38764044943820225
251, 0.388086642599278, 0.3888888888888889, 0.39325842696629215
252, 0.3898916967509025, 0.3888888888888889, 0.39325842696629215
253, 0.388086642599278, 0.3888888888888889, 0.39325842696629215
254, 0.3862815884476534, 0.39444444444444443, 0.39325842696629215
255, 0.3862815884476534, 0.39444444444444443, 0.39325842696629215
256, 0.3862815884476534, 0.39444444444444443, 0.39325842696629215
257, 0.388086642599278, 0.39444444444444443, 0.39325842696629215
258, 0.388086642599278, 0.39444444444444443, 0.398876404494382
259, 0.3898916967509025, 0.39444444444444443, 0.398876404494382
30	0	11	0	0	0	
0	0	17	0	0	1	
3	0	33	0	0	1	
2	0	11	0	0	6	
1	0	16	0	0	0	
1	0	36	0	0	9	
260, 0.3953068592057762, 0.39444444444444443, 0.4044943820224719
261, 0.3971119133574007, 0.39444444444444443, 0.4044943820224719
262, 0.4007220216606498, 0.39444444444444443, 0.4044943820224719
263, 0.4007220216606498, 0.39444444444444443, 0.4101123595505618
264, 0.4007220216606498, 0.3888888888888889, 0.4157303370786517
265, 0.40252707581227437, 0.3888888888888889, 0.4157303370786517
266, 0.4043321299638989, 0.3888888888888889, 0.4157303370786517
267, 0.40252707581227437, 0.3888888888888889, 0.4044943820224719
268, 0.4007220216606498, 0.38333333333333336, 0.4044943820224719
269, 0.3935018050541516, 0.37777777777777777, 0.4044943820224719
270, 0.3953068592057762, 0.37777777777777777, 0.4044943820224719
271, 0.388086642599278, 0.38333333333333336, 0.38764044943820225
272, 0.3844765342960289, 0.38333333333333336, 0.38764044943820225
273, 0.37906137184115524, 0.37777777777777777, 0.38764044943820225
274, 0.37725631768953066, 0.36666666666666664, 0.39325842696629215
275, 0.38086642599277976, 0.3611111111111111, 0.38764044943820225
276, 0.3844765342960289, 0.3611111111111111, 0.38202247191011235
277, 0.38086642599277976, 0.35555555555555557, 0.3707865168539326
278, 0.388086642599278, 0.35555555555555557, 0.3707865168539326
279, 0.3844765342960289, 0.35555555555555557, 0.3707865168539326
20	0	21	0	0	0	
0	0	17	1	0	0	
0	0	37	0	0	0	
2	0	11	1	0	5	
0	0	17	0	0	0	
0	0	36	0	0	10	
280, 0.3844765342960289, 0.35555555555555557, 0.38202247191011235
281, 0.3971119133574007, 0.35555555555555557, 0.3707865168539326
282, 0.3953068592057762, 0.3611111111111111, 0.37640449438202245
283, 0.3862815884476534, 0.35555555555555557, 0.3707865168539326
284, 0.38267148014440433, 0.35, 0.3539325842696629
285, 0.36823104693140796, 0.3277777777777778, 0.34831460674157305
286, 0.3700361010830325, 0.31666666666666665, 0.34831460674157305
287, 0.3555956678700361, 0.31666666666666665, 0.3539325842696629
288, 0.351985559566787, 0.31666666666666665, 0.33146067415730335
289, 0.3447653429602888, 0.31666666666666665, 0.3202247191011236
290, 0.33754512635379064, 0.31666666666666665, 0.3258426966292135
291, 0.33393501805054154, 0.32222222222222224, 0.33146067415730335
292, 0.33935018050541516, 0.3111111111111111, 0.3258426966292135
293, 0.33754512635379064, 0.31666666666666665, 0.3258426966292135
294, 0.33935018050541516, 0.3111111111111111, 0.3258426966292135
295, 0.33574007220216606, 0.3111111111111111, 0.3202247191011236
296, 0.33393501805054154, 0.3111111111111111, 0.3202247191011236
297, 0.33754512635379064, 0.3277777777777778, 0.3202247191011236
298, 0.3447653429602888, 0.3333333333333333, 0.3202247191011236
299, 0.3483754512635379, 0.3333333333333333, 0.3258426966292135
11	0	30	0	0	0	
0	0	14	4	0	0	
0	0	37	0	0	0	
0	0	9	10	0	0	
0	0	15	2	0	0	
0	0	34	12	0	0	
300, 0.351985559566787, 0.3333333333333333, 0.3258426966292135
301, 0.3483754512635379, 0.3333333333333333, 0.33146067415730335
302, 0.3447653429602888, 0.3388888888888889, 0.33707865168539325
303, 0.34657039711191334, 0.3388888888888889, 0.34831460674157305
304, 0.35379061371841153, 0.34444444444444444, 0.34831460674157305
305, 0.3592057761732852, 0.35555555555555557, 0.3539325842696629
306, 0.3628158844765343, 0.35555555555555557, 0.3539325842696629
307, 0.37184115523465705, 0.35555555555555557, 0.3539325842696629
308, 0.37184115523465705, 0.37222222222222223, 0.3651685393258427
309, 0.37906137184115524, 0.37777777777777777, 0.3707865168539326
310, 0.388086642599278, 0.37777777777777777, 0.3707865168539326
311, 0.4007220216606498, 0.39444444444444443, 0.37640449438202245
312, 0.40613718411552346, 0.39444444444444443, 0.38202247191011235
313, 0.40613718411552346, 0.40555555555555556, 0.398876404494382
314, 0.427797833935018, 0.4111111111111111, 0.398876404494382
315, 0.4332129963898917, 0.4166666666666667, 0.398876404494382
316, 0.4404332129963899, 0.43333333333333335, 0.4157303370786517
317, 0.44404332129963897, 0.45555555555555555, 0.42134831460674155
318, 0.4548736462093863, 0.45555555555555555, 0.42696629213483145
319, 0.4602888086642599, 0.46111111111111114, 0.43820224719101125
21	0	16	2	2	0	
0	0	14	3	0	1	
0	0	37	0	0	0	
1	0	6	12	0	0	
0	0	14	2	0	1	
0	0	27	10	0	9	
320, 0.4693140794223827, 0.4666666666666667, 0.4438202247191011
321, 0.48375451263537905, 0.4722222222222222, 0.4550561797752809
322, 0.4963898916967509, 0.4888888888888889, 0.47191011235955055
323, 0.4981949458483754, 0.4888888888888889, 0.47191011235955055
324, 0.5072202166064982, 0.49444444444444446, 0.48314606741573035
325, 0.516245487364621, 0.5111111111111111, 0.48314606741573035
326, 0.5288808664259927, 0.5166666666666667, 0.5
327, 0.5379061371841155, 0.5222222222222223, 0.5224719101123596
328, 0.5487364620938628, 0.5166666666666667, 0.5224719101123596
329, 0.5487364620938628, 0.5277777777777778, 0.5280898876404494
330, 0.5523465703971119, 0.5333333333333333, 0.5449438202247191
331, 0.5613718411552346, 0.5444444444444444, 0.550561797752809
332, 0.5740072202166066, 0.55, 0.5449438202247191
333, 0.575812274368231, 0.5555555555555556, 0.550561797752809
334, 0.5776173285198556, 0.5555555555555556, 0.5561797752808989
335, 0.5794223826714802, 0.5555555555555556, 0.5617977528089888
336, 0.5830324909747292, 0.5666666666666667, 0.5674157303370787
337, 0.592057761732852, 0.5722222222222222, 0.5674157303370787
338, 0.5938628158844765, 0.5833333333333334, 0.5674157303370787
339, 0.5938628158844765, 0.5833333333333334, 0.5674157303370787
34	0	6	0	1	0	
1	0	13	1	0	3	
0	0	37	0	0	0	
3	0	4	11	0	1	
0	0	14	1	0	2	
0	0	23	4	0	19	
340, 0.5938628158844765, 0.5888888888888889, 0.5674157303370787
341, 0.5956678700361011, 0.5888888888888889, 0.5730337078651685
342, 0.5956678700361011, 0.5888888888888889, 0.5730337078651685
343, 0.5956678700361011, 0.5888888888888889, 0.5730337078651685
344, 0.5992779783393501, 0.5888888888888889, 0.5842696629213483
345, 0.6010830324909747, 0.5888888888888889, 0.5842696629213483
346, 0.6028880866425993, 0.5888888888888889, 0.5898876404494382
347, 0.6046931407942239, 0.5888888888888889, 0.5842696629213483
348, 0.6046931407942239, 0.5888888888888889, 0.5842696629213483
349, 0.6028880866425993, 0.5833333333333334, 0.5898876404494382
350, 0.6028880866425993, 0.5777777777777777, 0.5955056179775281
351, 0.6064981949458483, 0.5777777777777777, 0.5955056179775281
352, 0.6083032490974729, 0.5777777777777777, 0.5955056179775281
353, 0.6101083032490975, 0.5777777777777777, 0.5898876404494382
354, 0.6101083032490975, 0.5833333333333334, 0.5898876404494382
355, 0.6137184115523465, 0.5833333333333334, 0.5955056179775281
356, 0.6155234657039711, 0.5833333333333334, 0.601123595505618
357, 0.6137184115523465, 0.5833333333333334, 0.6123595505617978
358, 0.6173285198555957, 0.5777777777777777, 0.6067415730337079
359, 0.6173285198555957, 0.5833333333333334, 0.6067415730337079
33	1	4	0	1	2	
1	0	13	1	0	3	
0	0	36	0	0	1	
2	0	3	13	0	1	
0	0	12	1	0	4	
0	0	14	5	1	26	
360, 0.6155234657039711, 0.5722222222222222, 0.6067415730337079
361, 0.6119133574007221, 0.5777777777777777, 0.5955056179775281
362, 0.6101083032490975, 0.5777777777777777, 0.5955056179775281
363, 0.6101083032490975, 0.5722222222222222, 0.601123595505618
364, 0.6046931407942239, 0.5722222222222222, 0.5955056179775281
365, 0.6083032490974729, 0.5722222222222222, 0.5955056179775281
366, 0.6101083032490975, 0.5722222222222222, 0.601123595505618
367, 0.6083032490974729, 0.5722222222222222, 0.6067415730337079
368, 0.6083032490974729, 0.5722222222222222, 0.6067415730337079
369, 0.6083032490974729, 0.5722222222222222, 0.6123595505617978
370, 0.6173285198555957, 0.5777777777777777, 0.6179775280898876
371, 0.6173285198555957, 0.5777777777777777, 0.6179775280898876
372, 0.6227436823104693, 0.5777777777777777, 0.6179775280898876
373, 0.6227436823104693, 0.5833333333333334, 0.6292134831460674
374, 0.6263537906137184, 0.5833333333333334, 0.6348314606741573
375, 0.6299638989169675, 0.5833333333333334, 0.6348314606741573
376, 0.631768953068592, 0.5833333333333334, 0.6348314606741573
377, 0.6335740072202166, 0.5888888888888889, 0.6348314606741573
378, 0.6335740072202166, 0.5888888888888889, 0.6348314606741573
379, 0.6353790613718412, 0.5944444444444444, 0.6348314606741573
34	1	3	0	1	2	
1	2	11	2	0	2	
0	0	35	1	0	1	
2	0	2	14	0	1	
0	0	11	1	1	4	
0	0	12	5	2	27	
380, 0.6371841155234657, 0.5944444444444444, 0.6348314606741573
381, 0.6389891696750902, 0.5944444444444444, 0.6348314606741573
382, 0.6407942238267148, 0.6, 0.6404494382022472
383, 0.6425992779783394, 0.6, 0.6404494382022472
384, 0.644404332129964, 0.6, 0.6404494382022472
385, 0.644404332129964, 0.6, 0.6404494382022472
386, 0.6462093862815884, 0.5944444444444444, 0.6404494382022472
387, 0.6462093862815884, 0.5944444444444444, 0.6404494382022472
388, 0.648014440433213, 0.5944444444444444, 0.6235955056179775
389, 0.6425992779783394, 0.5888888888888889, 0.6348314606741573
390, 0.6335740072202166, 0.5888888888888889, 0.6235955056179775
391, 0.6335740072202166, 0.5944444444444444, 0.6235955056179775
392, 0.6371841155234657, 0.5944444444444444, 0.6235955056179775
393, 0.6407942238267148, 0.5944444444444444, 0.6235955056179775
394, 0.644404332129964, 0.6, 0.6404494382022472
395, 0.648014440433213, 0.6055555555555555, 0.6348314606741573
396, 0.6498194945848376, 0.6055555555555555, 0.6348314606741573
397, 0.6516245487364621, 0.6055555555555555, 0.6404494382022472
398, 0.6498194945848376, 0.6055555555555555, 0.6460674157303371
399, 0.6498194945848376, 0.6, 0.6404494382022472
34	0	4	0	1	2	
1	3	12	1	0	1	
0	0	36	0	0	1	
2	0	2	14	0	1	
0	0	12	1	0	4	
0	1	14	3	2	26	
400, 0.6516245487364621, 0.6055555555555555, 0.6348314606741573
401, 0.648014440433213, 0.6055555555555555, 0.6348314606741573
402, 0.648014440433213, 0.6166666666666667, 0.6460674157303371
403, 0.6534296028880866, 0.6222222222222222, 0.651685393258427
404, 0.6534296028880866, 0.6222222222222222, 0.651685393258427
405, 0.6534296028880866, 0.6222222222222222, 0.651685393258427
406, 0.6552346570397112, 0.6222222222222222, 0.651685393258427
407, 0.6552346570397112, 0.6222222222222222, 0.651685393258427
408, 0.6588447653429603, 0.6222222222222222, 0.651685393258427
409, 0.6606498194945848, 0.6222222222222222, 0.651685393258427
410, 0.6642599277978339, 0.6222222222222222, 0.651685393258427
411, 0.6660649819494585, 0.6222222222222222, 0.651685393258427
412, 0.6660649819494585, 0.6277777777777778, 0.6460674157303371
413, 0.6660649819494585, 0.6277777777777778, 0.6460674157303371
414, 0.6660649819494585, 0.6277777777777778, 0.6460674157303371
415, 0.6696750902527075, 0.6333333333333333, 0.6573033707865169
416, 0.6696750902527075, 0.6388888888888888, 0.6573033707865169
417, 0.6678700361010831, 0.6388888888888888, 0.651685393258427
418, 0.6714801444043321, 0.6388888888888888, 0.651685393258427
419, 0.6696750902527075, 0.6388888888888888, 0.6460674157303371
37	0	2	0	0	2	
1	3	11	1	0	2	
0	0	36	0	0	1	
2	0	3	13	0	1	
0	0	13	1	0	3	
0	1	14	3	2	26	
420, 0.6714801444043321, 0.6388888888888888, 0.6460674157303371
421, 0.6696750902527075, 0.6444444444444445, 0.6404494382022472
422, 0.6678700361010831, 0.6444444444444445, 0.6460674157303371
423, 0.6714801444043321, 0.6444444444444445, 0.6460674157303371
424, 0.6714801444043321, 0.6444444444444445, 0.6460674157303371
425, 0.6732851985559567, 0.65, 0.6460674157303371
426, 0.6750902527075813, 0.65, 0.651685393258427
427, 0.6732851985559567, 0.6444444444444445, 0.651685393258427
428, 0.6750902527075813, 0.6444444444444445, 0.651685393258427
429, 0.6750902527075813, 0.6444444444444445, 0.6573033707865169
430, 0.6768953068592057, 0.6444444444444445, 0.6573033707865169
431, 0.6768953068592057, 0.65, 0.6573033707865169
432, 0.6768953068592057, 0.65, 0.6629213483146067
433, 0.6805054151624549, 0.6444444444444445, 0.6629213483146067
434, 0.6823104693140795, 0.6444444444444445, 0.6629213483146067
435, 0.6841155234657039, 0.65, 0.6685393258426966
436, 0.6859205776173285, 0.65, 0.6629213483146067
437, 0.6841155234657039, 0.65, 0.6685393258426966
438, 0.6859205776173285, 0.65, 0.6629213483146067
439, 0.6859205776173285, 0.65, 0.6685393258426966
38	0	1	0	0	2	
1	2	12	1	0	2	
0	0	36	0	0	1	
3	0	3	12	0	1	
0	0	13	2	0	2	
0	0	14	1	1	30	
440, 0.6859205776173285, 0.65, 0.6629213483146067
441, 0.6859205776173285, 0.65, 0.6629213483146067
442, 0.6859205776173285, 0.65, 0.6629213483146067
443, 0.6859205776173285, 0.65, 0.6629213483146067
444, 0.6877256317689531, 0.65, 0.6629213483146067
445, 0.6913357400722022, 0.65, 0.6629213483146067
446, 0.6913357400722022, 0.6333333333333333, 0.6741573033707865
447, 0.6895306859205776, 0.6388888888888888, 0.6629213483146067
448, 0.6931407942238267, 0.6388888888888888, 0.6629213483146067
449, 0.6913357400722022, 0.6388888888888888, 0.6629213483146067
450, 0.6931407942238267, 0.6388888888888888, 0.6741573033707865
451, 0.6949458483754513, 0.6388888888888888, 0.6685393258426966
452, 0.6949458483754513, 0.6388888888888888, 0.6629213483146067
453, 0.6967509025270758, 0.6388888888888888, 0.6685393258426966
454, 0.6967509025270758, 0.6388888888888888, 0.6685393258426966
455, 0.6967509025270758, 0.6388888888888888, 0.6685393258426966
456, 0.6949458483754513, 0.6444444444444445, 0.6685393258426966
457, 0.6949458483754513, 0.6444444444444445, 0.6685393258426966
458, 0.6949458483754513, 0.65, 0.6741573033707865
459, 0.6949458483754513, 0.65, 0.6741573033707865
38	0	0	0	0	3	
1	2	12	1	0	2	
0	0	36	0	0	1	
3	0	3	12	0	1	
0	0	13	2	0	2	
1	0	12	1	0	32	
460, 0.6967509025270758, 0.65, 0.6741573033707865
461, 0.6967509025270758, 0.65, 0.6741573033707865
462, 0.6985559566787004, 0.65, 0.6741573033707865
463, 0.7021660649819494, 0.65, 0.6797752808988764
464, 0.7021660649819494, 0.65, 0.6797752808988764
465, 0.7021660649819494, 0.65, 0.6797752808988764
466, 0.7021660649819494, 0.6444444444444445, 0.6797752808988764
467, 0.7021660649819494, 0.6444444444444445, 0.6741573033707865
468, 0.703971119133574, 0.6388888888888888, 0.6741573033707865
469, 0.703971119133574, 0.6333333333333333, 0.6741573033707865
470, 0.7057761732851986, 0.6388888888888888, 0.6797752808988764
471, 0.7057761732851986, 0.6388888888888888, 0.6797752808988764
472, 0.7057761732851986, 0.6388888888888888, 0.6797752808988764
473, 0.7057761732851986, 0.6444444444444445, 0.6741573033707865
474, 0.7057761732851986, 0.6388888888888888, 0.6797752808988764
475, 0.7075812274368231, 0.6333333333333333, 0.6797752808988764
476, 0.7075812274368231, 0.6333333333333333, 0.6797752808988764
477, 0.7057761732851986, 0.6277777777777778, 0.6853932584269663
478, 0.7057761732851986, 0.6277777777777778, 0.6853932584269663
479, 0.703971119133574, 0.6277777777777778, 0.6853932584269663
38	0	0	0	0	3	
1	3	11	1	0	2	
0	0	36	0	0	1	
3	0	3	12	0	1	
0	0	14	1	0	2	
1	0	11	1	0	33	
480, 0.703971119133574, 0.6277777777777778, 0.6853932584269663
481, 0.703971119133574, 0.6333333333333333, 0.6797752808988764
482, 0.703971119133574, 0.6277777777777778, 0.6910112359550562
483, 0.7075812274368231, 0.6277777777777778, 0.6797752808988764
484, 0.7093862815884476, 0.6277777777777778, 0.6797752808988764
485, 0.7075812274368231, 0.6277777777777778, 0.6797752808988764
486, 0.7093862815884476, 0.6277777777777778, 0.6797752808988764
487, 0.7111913357400722, 0.6277777777777778, 0.6797752808988764
488, 0.7111913357400722, 0.6277777777777778, 0.6797752808988764
489, 0.7148014440433214, 0.6333333333333333, 0.6797752808988764
490, 0.7148014440433214, 0.6333333333333333, 0.6797752808988764
491, 0.7129963898916968, 0.6333333333333333, 0.6797752808988764
492, 0.7129963898916968, 0.6333333333333333, 0.6797752808988764
493, 0.7129963898916968, 0.6333333333333333, 0.6853932584269663
494, 0.7129963898916968, 0.6444444444444445, 0.6853932584269663
495, 0.7129963898916968, 0.6444444444444445, 0.6853932584269663
496, 0.7129963898916968, 0.6444444444444445, 0.6853932584269663
497, 0.7129963898916968, 0.6444444444444445, 0.6853932584269663
498, 0.7129963898916968, 0.6444444444444445, 0.6853932584269663
499, 0.7129963898916968, 0.6444444444444445, 0.6910112359550562
38	0	0	0	0	3	
1	3	10	1	0	3	
0	0	37	0	0	0	
3	0	3	12	0	1	
0	0	14	1	0	2	
1	0	11	1	0	33	
500, 0.7129963898916968, 0.6444444444444445, 0.6910112359550562
501, 0.7129963898916968, 0.6444444444444445, 0.6966292134831461
502, 0.7129963898916968, 0.6444444444444445, 0.6966292134831461
503, 0.7129963898916968, 0.6388888888888888, 0.6910112359550562
504, 0.7129963898916968, 0.6388888888888888, 0.6853932584269663
505, 0.7129963898916968, 0.65, 0.6853932584269663
506, 0.7129963898916968, 0.65, 0.6853932584269663
507, 0.7129963898916968, 0.6444444444444445, 0.6910112359550562
508, 0.7129963898916968, 0.6444444444444445, 0.6853932584269663
509, 0.7111913357400722, 0.65, 0.6853932584269663
510, 0.7111913357400722, 0.65, 0.6853932584269663
511, 0.7111913357400722, 0.65, 0.6853932584269663
512, 0.7148014440433214, 0.6555555555555556, 0.6910112359550562
513, 0.7129963898916968, 0.65, 0.6853932584269663
514, 0.7148014440433214, 0.65, 0.6853932584269663
515, 0.7148014440433214, 0.65, 0.6853932584269663
516, 0.7148014440433214, 0.65, 0.6797752808988764
517, 0.7129963898916968, 0.65, 0.6853932584269663
518, 0.7111913357400722, 0.65, 0.6853932584269663
519, 0.7129963898916968, 0.6611111111111111, 0.6853932584269663
38	0	0	0	0	3	
1	4	9	1	0	3	
0	0	36	1	0	0	
3	0	4	12	0	0	
0	0	14	1	0	2	
1	1	12	0	1	31	
520, 0.7129963898916968, 0.6611111111111111, 0.6797752808988764
521, 0.7148014440433214, 0.6611111111111111, 0.6797752808988764
522, 0.7148014440433214, 0.6555555555555556, 0.6797752808988764
523, 0.7166064981949458, 0.6611111111111111, 0.6797752808988764
524, 0.7075812274368231, 0.6555555555555556, 0.6797752808988764
525, 0.7129963898916968, 0.6555555555555556, 0.6797752808988764
526, 0.7184115523465704, 0.6555555555555556, 0.6853932584269663
527, 0.7166064981949458, 0.6555555555555556, 0.6797752808988764
528, 0.7184115523465704, 0.6611111111111111, 0.6797752808988764
529, 0.7184115523465704, 0.6611111111111111, 0.6797752808988764
530, 0.7184115523465704, 0.6611111111111111, 0.6797752808988764
531, 0.7184115523465704, 0.6611111111111111, 0.6797752808988764
532, 0.720216606498195, 0.6611111111111111, 0.6853932584269663
533, 0.7184115523465704, 0.6611111111111111, 0.6797752808988764
534, 0.720216606498195, 0.6833333333333333, 0.6797752808988764
535, 0.723826714801444, 0.6833333333333333, 0.6853932584269663
536, 0.7220216606498195, 0.6722222222222223, 0.6853932584269663
537, 0.720216606498195, 0.6666666666666666, 0.6853932584269663
538, 0.7184115523465704, 0.6611111111111111, 0.6797752808988764
539, 0.7220216606498195, 0.6722222222222223, 0.6853932584269663
36	0	1	0	1	3	
0	5	8	0	0	5	
0	0	35	1	0	1	
2	0	3	13	0	1	
0	1	12	2	0	2	
1	0	11	1	0	33	
540, 0.7220216606498195, 0.6833333333333333, 0.6853932584269663
541, 0.723826714801444, 0.6777777777777778, 0.6797752808988764
542, 0.7220216606498195, 0.6777777777777778, 0.6910112359550562
543, 0.7220216606498195, 0.6722222222222223, 0.6853932584269663
544, 0.720216606498195, 0.6722222222222223, 0.6853932584269663
545, 0.723826714801444, 0.6777777777777778, 0.6910112359550562
546, 0.720216606498195, 0.6722222222222223, 0.6910112359550562
547, 0.720216606498195, 0.6722222222222223, 0.6910112359550562
548, 0.7220216606498195, 0.6722222222222223, 0.6910112359550562
549, 0.7220216606498195, 0.6722222222222223, 0.6910112359550562
550, 0.7220216606498195, 0.6722222222222223, 0.6910112359550562
551, 0.723826714801444, 0.6722222222222223, 0.6910112359550562
552, 0.723826714801444, 0.6722222222222223, 0.6910112359550562
553, 0.723826714801444, 0.6722222222222223, 0.6910112359550562
554, 0.7220216606498195, 0.6722222222222223, 0.6910112359550562
555, 0.723826714801444, 0.6777777777777778, 0.6910112359550562
556, 0.723826714801444, 0.6777777777777778, 0.6910112359550562
557, 0.7256317689530686, 0.6777777777777778, 0.6910112359550562
558, 0.7256317689530686, 0.6777777777777778, 0.6910112359550562
559, 0.7256317689530686, 0.6888888888888889, 0.6910112359550562
36	0	1	0	1	3	
0	5	7	1	0	5	
0	0	35	1	0	1	
2	0	2	14	0	1	
0	1	11	2	0	3	
1	0	12	0	0	33	
560, 0.7274368231046932, 0.6888888888888889, 0.6910112359550562
561, 0.7292418772563177, 0.6944444444444444, 0.6910112359550562
562, 0.7292418772563177, 0.6944444444444444, 0.6910112359550562
563, 0.7292418772563177, 0.6944444444444444, 0.6910112359550562
564, 0.7292418772563177, 0.6944444444444444, 0.6910112359550562
565, 0.7328519855595668, 0.6944444444444444, 0.6910112359550562
566, 0.7346570397111913, 0.6944444444444444, 0.6910112359550562
567, 0.7346570397111913, 0.6944444444444444, 0.6910112359550562
568, 0.7346570397111913, 0.7, 0.6910112359550562
569, 0.7364620938628159, 0.6944444444444444, 0.6910112359550562
570, 0.7364620938628159, 0.7, 0.6910112359550562
571, 0.7346570397111913, 0.6944444444444444, 0.6910112359550562
572, 0.740072202166065, 0.7, 0.6910112359550562
573, 0.7382671480144405, 0.6944444444444444, 0.6910112359550562
574, 0.7382671480144405, 0.7, 0.6910112359550562
575, 0.7364620938628159, 0.7055555555555556, 0.6966292134831461
576, 0.7364620938628159, 0.7055555555555556, 0.6966292134831461
577, 0.7364620938628159, 0.7, 0.6966292134831461
578, 0.7346570397111913, 0.7, 0.6910112359550562
579, 0.7346570397111913, 0.7, 0.6910112359550562
36	1	0	0	1	3	
0	5	5	0	0	8	
0	0	35	1	0	1	
2	0	1	13	0	3	
0	2	9	2	0	4	
1	1	9	0	0	35	
580, 0.7364620938628159, 0.7, 0.6966292134831461
581, 0.7364620938628159, 0.7, 0.6966292134831461
582, 0.7364620938628159, 0.7, 0.6966292134831461
583, 0.7382671480144405, 0.7111111111111111, 0.6910112359550562
584, 0.7364620938628159, 0.7, 0.6910112359550562
585, 0.7382671480144405, 0.7055555555555556, 0.702247191011236
586, 0.7436823104693141, 0.7, 0.702247191011236
587, 0.7418772563176895, 0.7, 0.702247191011236
588, 0.7418772563176895, 0.7055555555555556, 0.6910112359550562
589, 0.7382671480144405, 0.7055555555555556, 0.6966292134831461
590, 0.7382671480144405, 0.7055555555555556, 0.6966292134831461
591, 0.740072202166065, 0.7, 0.6966292134831461
592, 0.7382671480144405, 0.7, 0.6966292134831461
593, 0.740072202166065, 0.7, 0.6910112359550562
594, 0.7418772563176895, 0.7111111111111111, 0.6966292134831461
595, 0.7418772563176895, 0.7055555555555556, 0.6910112359550562
596, 0.7418772563176895, 0.7055555555555556, 0.6966292134831461
597, 0.7436823104693141, 0.7055555555555556, 0.702247191011236
598, 0.7436823104693141, 0.7, 0.702247191011236
599, 0.7436823104693141, 0.7, 0.7078651685393258
38	0	0	0	0	3	
0	5	5	0	0	8	
0	0	34	1	1	1	
2	0	1	13	0	3	
0	2	9	2	0	4	
1	1	8	0	0	36	
600, 0.7436823104693141, 0.7, 0.7078651685393258
601, 0.7472924187725631, 0.7055555555555556, 0.702247191011236
602, 0.7454873646209387, 0.7055555555555556, 0.702247191011236
603, 0.7454873646209387, 0.7055555555555556, 0.702247191011236
604, 0.7454873646209387, 0.7111111111111111, 0.702247191011236
605, 0.7490974729241877, 0.7111111111111111, 0.7078651685393258
606, 0.7472924187725631, 0.7055555555555556, 0.7134831460674157
607, 0.7472924187725631, 0.7055555555555556, 0.7134831460674157
608, 0.7490974729241877, 0.7055555555555556, 0.7078651685393258
609, 0.7490974729241877, 0.7055555555555556, 0.7134831460674157
610, 0.7509025270758123, 0.7055555555555556, 0.7078651685393258
611, 0.7490974729241877, 0.7055555555555556, 0.7134831460674157
612, 0.7509025270758123, 0.7055555555555556, 0.7134831460674157
613, 0.7509025270758123, 0.7, 0.7134831460674157
614, 0.7527075812274369, 0.7055555555555556, 0.702247191011236
615, 0.7527075812274369, 0.7055555555555556, 0.702247191011236
616, 0.7527075812274369, 0.7055555555555556, 0.7078651685393258
617, 0.7527075812274369, 0.7111111111111111, 0.702247191011236
618, 0.7509025270758123, 0.7111111111111111, 0.702247191011236
619, 0.7527075812274369, 0.7111111111111111, 0.702247191011236
38	0	0	0	0	3	
0	6	4	0	0	8	
0	0	33	1	0	3	
3	0	1	12	0	3	
0	2	9	2	0	4	
1	1	8	0	0	36	
620, 0.7527075812274369, 0.7111111111111111, 0.702247191011236
621, 0.7527075812274369, 0.7111111111111111, 0.702247191011236
622, 0.7527075812274369, 0.7111111111111111, 0.702247191011236
623, 0.7509025270758123, 0.7111111111111111, 0.702247191011236
624, 0.7490974729241877, 0.7111111111111111, 0.7078651685393258
625, 0.7490974729241877, 0.7111111111111111, 0.702247191011236
626, 0.7490974729241877, 0.7055555555555556, 0.7078651685393258
627, 0.7490974729241877, 0.7055555555555556, 0.7078651685393258
628, 0.7490974729241877, 0.7055555555555556, 0.7078651685393258
629, 0.7490974729241877, 0.7055555555555556, 0.7078651685393258
630, 0.7490974729241877, 0.7055555555555556, 0.7078651685393258
631, 0.7490974729241877, 0.7055555555555556, 0.7134831460674157
632, 0.7509025270758123, 0.7055555555555556, 0.7078651685393258
633, 0.7490974729241877, 0.7055555555555556, 0.702247191011236
634, 0.7490974729241877, 0.7055555555555556, 0.702247191011236
635, 0.7509025270758123, 0.7055555555555556, 0.702247191011236
636, 0.7490974729241877, 0.7055555555555556, 0.7078651685393258
637, 0.7490974729241877, 0.7055555555555556, 0.7134831460674157
638, 0.7490974729241877, 0.7055555555555556, 0.7078651685393258
639, 0.7490974729241877, 0.7055555555555556, 0.7078651685393258
36	1	0	0	1	3	
0	6	4	0	0	8	
0	0	34	1	1	1	
2	0	1	13	0	3	
0	2	9	2	0	4	
1	1	8	0	0	36	
640, 0.7490974729241877, 0.7055555555555556, 0.702247191011236
641, 0.7454873646209387, 0.7055555555555556, 0.6966292134831461
642, 0.7490974729241877, 0.7055555555555556, 0.6966292134831461
643, 0.7490974729241877, 0.7055555555555556, 0.6966292134831461
644, 0.7509025270758123, 0.7055555555555556, 0.6966292134831461
645, 0.7454873646209387, 0.7, 0.702247191011236
646, 0.7436823104693141, 0.7, 0.6966292134831461
647, 0.7418772563176895, 0.7, 0.6910112359550562
648, 0.7418772563176895, 0.7, 0.6966292134831461
649, 0.7436823104693141, 0.7, 0.6966292134831461
650, 0.7509025270758123, 0.7, 0.702247191011236
651, 0.7509025270758123, 0.6944444444444444, 0.702247191011236
652, 0.7527075812274369, 0.7055555555555556, 0.702247191011236
653, 0.7527075812274369, 0.7055555555555556, 0.702247191011236
654, 0.7509025270758123, 0.7, 0.7134831460674157
655, 0.7527075812274369, 0.7, 0.702247191011236
656, 0.7527075812274369, 0.7, 0.702247191011236
657, 0.7509025270758123, 0.7, 0.7078651685393258
658, 0.7490974729241877, 0.6944444444444444, 0.7078651685393258
659, 0.7454873646209387, 0.7111111111111111, 0.7078651685393258
39	0	0	0	0	2	
0	6	4	0	0	8	
0	0	35	1	0	1	
2	0	2	13	0	2	
0	2	10	1	0	4	
1	2	9	0	0	34	
660, 0.7454873646209387, 0.7111111111111111, 0.7134831460674157
661, 0.7472924187725631, 0.7055555555555556, 0.7078651685393258
662, 0.7472924187725631, 0.6944444444444444, 0.7191011235955056
663, 0.7148014440433214, 0.6666666666666666, 0.702247191011236
664, 0.7148014440433214, 0.6722222222222223, 0.702247191011236
665, 0.720216606498195, 0.6666666666666666, 0.6966292134831461
666, 0.7111913357400722, 0.6611111111111111, 0.702247191011236
667, 0.7148014440433214, 0.6611111111111111, 0.702247191011236
668, 0.7418772563176895, 0.7, 0.6910112359550562
669, 0.7418772563176895, 0.7, 0.6797752808988764
670, 0.7129963898916968, 0.6611111111111111, 0.702247191011236
671, 0.7418772563176895, 0.7, 0.6910112359550562
672, 0.7184115523465704, 0.6722222222222223, 0.6966292134831461
673, 0.7184115523465704, 0.6611111111111111, 0.6966292134831461
674, 0.720216606498195, 0.6666666666666666, 0.6966292134831461
675, 0.723826714801444, 0.6666666666666666, 0.6910112359550562
676, 0.7148014440433214, 0.6666666666666666, 0.6966292134831461
677, 0.7220216606498195, 0.6666666666666666, 0.6910112359550562
678, 0.7148014440433214, 0.6555555555555556, 0.6966292134831461
679, 0.7220216606498195, 0.6666666666666666, 0.6966292134831461
34	1	0	0	2	4	
0	5	5	0	0	8	
0	0	35	1	0	1	
1	0	2	13	1	2	
0	2	10	1	0	4	
0	1	8	0	1	36	
680, 0.740072202166065, 0.7, 0.6910112359550562
681, 0.740072202166065, 0.7, 0.6910112359550562
682, 0.740072202166065, 0.6944444444444444, 0.6853932584269663
683, 0.7418772563176895, 0.7, 0.6910112359550562
684, 0.740072202166065, 0.6666666666666666, 0.6910112359550562
685, 0.7490974729241877, 0.6888888888888889, 0.702247191011236
686, 0.720216606498195, 0.6611111111111111, 0.702247191011236
687, 0.7148014440433214, 0.65, 0.6966292134831461
688, 0.7111913357400722, 0.65, 0.6910112359550562
689, 0.7111913357400722, 0.65, 0.6966292134831461
690, 0.720216606498195, 0.6611111111111111, 0.6966292134831461
691, 0.7129963898916968, 0.65, 0.6910112359550562
692, 0.7346570397111913, 0.6666666666666666, 0.6966292134831461
693, 0.7509025270758123, 0.6888888888888889, 0.7134831460674157
694, 0.7454873646209387, 0.6888888888888889, 0.6910112359550562
695, 0.7129963898916968, 0.65, 0.6966292134831461
696, 0.7129963898916968, 0.65, 0.6853932584269663
697, 0.7364620938628159, 0.6777777777777778, 0.6966292134831461
698, 0.7490974729241877, 0.6777777777777778, 0.6966292134831461
699, 0.7490974729241877, 0.6722222222222223, 0.7078651685393258
40	0	0	0	0	1	
1	6	8	1	1	1	
0	0	35	2	0	0	
3	0	2	14	0	0	
2	1	13	1	0	0	
4	4	9	1	1	27	
700, 0.7129963898916968, 0.6555555555555556, 0.6853932584269663
701, 0.7454873646209387, 0.6944444444444444, 0.6685393258426966
702, 0.7436823104693141, 0.6888888888888889, 0.6685393258426966
703, 0.7454873646209387, 0.6833333333333333, 0.6966292134831461
704, 0.7075812274368231, 0.65, 0.6797752808988764
705, 0.703971119133574, 0.6388888888888888, 0.6797752808988764
706, 0.703971119133574, 0.6444444444444445, 0.6797752808988764
707, 0.7129963898916968, 0.6555555555555556, 0.6797752808988764
708, 0.720216606498195, 0.6611111111111111, 0.6910112359550562
709, 0.7129963898916968, 0.6555555555555556, 0.6966292134831461
710, 0.7346570397111913, 0.6611111111111111, 0.6853932584269663
711, 0.7454873646209387, 0.6722222222222223, 0.7078651685393258
712, 0.7346570397111913, 0.6722222222222223, 0.6853932584269663
713, 0.7346570397111913, 0.6722222222222223, 0.6910112359550562
714, 0.7346570397111913, 0.6777777777777778, 0.6910112359550562
715, 0.7346570397111913, 0.6777777777777778, 0.6910112359550562
716, 0.7346570397111913, 0.6722222222222223, 0.6966292134831461
717, 0.7346570397111913, 0.6666666666666666, 0.702247191011236
718, 0.7364620938628159, 0.6777777777777778, 0.6966292134831461
719, 0.7364620938628159, 0.6777777777777778, 0.6910112359550562
38	1	0	0	1	1	
1	6	6	1	2	2	
0	0	35	2	0	0	
2	0	2	15	0	0	
0	3	10	1	2	1	
2	3	9	1	2	29	
720, 0.7346570397111913, 0.6722222222222223, 0.702247191011236
721, 0.7346570397111913, 0.6777777777777778, 0.702247191011236
722, 0.7364620938628159, 0.6666666666666666, 0.702247191011236
723, 0.7418772563176895, 0.6944444444444444, 0.6966292134831461
724, 0.740072202166065, 0.6777777777777778, 0.6966292134831461
725, 0.7490974729241877, 0.6944444444444444, 0.6797752808988764
726, 0.7545126353790613, 0.6888888888888889, 0.6853932584269663
727, 0.7563176895306859, 0.6944444444444444, 0.6853932584269663
728, 0.7490974729241877, 0.6888888888888889, 0.6910112359550562
729, 0.7436823104693141, 0.6777777777777778, 0.702247191011236
730, 0.7454873646209387, 0.6833333333333333, 0.7078651685393258
731, 0.7490974729241877, 0.6944444444444444, 0.6910112359550562
732, 0.7472924187725631, 0.6888888888888889, 0.702247191011236
733, 0.7472924187725631, 0.6722222222222223, 0.6966292134831461
734, 0.7472924187725631, 0.6833333333333333, 0.702247191011236
735, 0.7490974729241877, 0.6944444444444444, 0.6966292134831461
736, 0.7472924187725631, 0.6833333333333333, 0.6966292134831461
737, 0.7436823104693141, 0.6833333333333333, 0.6910112359550562
738, 0.740072202166065, 0.6777777777777778, 0.6966292134831461
739, 0.7382671480144405, 0.6666666666666666, 0.7078651685393258
40	0	0	0	0	1	
1	5	7	1	2	2	
0	0	35	2	0	0	
3	0	2	14	0	0	
0	3	10	1	2	1	
2	3	9	1	2	29	
740, 0.740072202166065, 0.6777777777777778, 0.702247191011236
741, 0.7418772563176895, 0.6833333333333333, 0.702247191011236
742, 0.7364620938628159, 0.6722222222222223, 0.7078651685393258
743, 0.7364620938628159, 0.6722222222222223, 0.7078651685393258
744, 0.740072202166065, 0.6722222222222223, 0.7078651685393258
745, 0.7328519855595668, 0.6666666666666666, 0.6966292134831461
746, 0.7364620938628159, 0.6666666666666666, 0.702247191011236
747, 0.723826714801444, 0.6388888888888888, 0.6797752808988764
748, 0.7256317689530686, 0.6555555555555556, 0.6853932584269663
749, 0.7274368231046932, 0.6555555555555556, 0.6853932584269663
750, 0.740072202166065, 0.6833333333333333, 0.702247191011236
751, 0.7328519855595668, 0.6722222222222223, 0.6853932584269663
752, 0.7454873646209387, 0.6888888888888889, 0.6966292134831461
753, 0.7472924187725631, 0.6833333333333333, 0.702247191011236
754, 0.7454873646209387, 0.6722222222222223, 0.702247191011236
755, 0.7418772563176895, 0.6777777777777778, 0.702247191011236
756, 0.7436823104693141, 0.6777777777777778, 0.6966292134831461
757, 0.7509025270758123, 0.7, 0.6966292134831461
758, 0.7509025270758123, 0.7, 0.6966292134831461
759, 0.7418772563176895, 0.6833333333333333, 0.6853932584269663
39	0	0	0	1	1	
1	6	5	1	3	2	
0	0	34	2	1	0	
3	0	3	13	0	0	
0	3	10	1	2	1	
2	3	7	1	5	28	
760, 0.7472924187725631, 0.6944444444444444, 0.6853932584269663
761, 0.723826714801444, 0.65, 0.6853932584269663
762, 0.7220216606498195, 0.6222222222222222, 0.6741573033707865
763, 0.7382671480144405, 0.6777777777777778, 0.6853932584269663
764, 0.7256317689530686, 0.6277777777777778, 0.6741573033707865
765, 0.7527075812274369, 0.6888888888888889, 0.702247191011236
766, 0.7292418772563177, 0.6388888888888888, 0.6741573033707865
767, 0.7635379061371841, 0.6888888888888889, 0.6910112359550562
768, 0.7545126353790613, 0.6944444444444444, 0.6966292134831461
769, 0.7617328519855595, 0.6944444444444444, 0.6910112359550562
770, 0.759927797833935, 0.6833333333333333, 0.6966292134831461
771, 0.7545126353790613, 0.6944444444444444, 0.6910112359550562
772, 0.7581227436823105, 0.6888888888888889, 0.6910112359550562
773, 0.759927797833935, 0.6888888888888889, 0.6966292134831461
774, 0.7653429602888087, 0.6833333333333333, 0.6910112359550562
775, 0.7563176895306859, 0.6888888888888889, 0.6966292134831461
776, 0.7689530685920578, 0.6888888888888889, 0.6966292134831461
777, 0.759927797833935, 0.6944444444444444, 0.6966292134831461
778, 0.7653429602888087, 0.6888888888888889, 0.6910112359550562
779, 0.7635379061371841, 0.6888888888888889, 0.6910112359550562
39	0	0	0	1	1	
1	6	4	1	3	3	
0	0	33	2	2	0	
3	0	3	12	1	0	
0	3	8	1	4	1	
2	2	7	1	5	29	
780, 0.7617328519855595, 0.6888888888888889, 0.6910112359550562
781, 0.7653429602888087, 0.6888888888888889, 0.6910112359550562
782, 0.7725631768953068, 0.6777777777777778, 0.702247191011236
783, 0.7581227436823105, 0.6944444444444444, 0.702247191011236
784, 0.7707581227436823, 0.6833333333333333, 0.7078651685393258
785, 0.7743682310469314, 0.6777777777777778, 0.7134831460674157
786, 0.7689530685920578, 0.6777777777777778, 0.7078651685393258
787, 0.7707581227436823, 0.6833333333333333, 0.7134831460674157
788, 0.7725631768953068, 0.6722222222222223, 0.7134831460674157
789, 0.7671480144404332, 0.6944444444444444, 0.7134831460674157
790, 0.7635379061371841, 0.6888888888888889, 0.7078651685393258
791, 0.7563176895306859, 0.6833333333333333, 0.702247191011236
792, 0.7725631768953068, 0.6777777777777778, 0.7134831460674157
793, 0.7725631768953068, 0.6777777777777778, 0.7247191011235955
794, 0.776173285198556, 0.6777777777777778, 0.7191011235955056
795, 0.7743682310469314, 0.6722222222222223, 0.7191011235955056
796, 0.7779783393501805, 0.6777777777777778, 0.7191011235955056
797, 0.7779783393501805, 0.6777777777777778, 0.7191011235955056
798, 0.7671480144404332, 0.6888888888888889, 0.7191011235955056
799, 0.7779783393501805, 0.6777777777777778, 0.7191011235955056
40	0	0	0	0	1	
2	6	3	1	2	4	
0	0	33	2	2	0	
3	0	1	13	2	0	
2	1	5	1	7	1	
3	3	6	1	4	29	
800, 0.7779783393501805, 0.6777777777777778, 0.7191011235955056
801, 0.7815884476534296, 0.6777777777777778, 0.7191011235955056
802, 0.779783393501805, 0.6833333333333333, 0.7191011235955056
803, 0.7707581227436823, 0.6722222222222223, 0.7303370786516854
804, 0.7851985559566786, 0.6833333333333333, 0.7191011235955056
805, 0.7653429602888087, 0.6722222222222223, 0.7191011235955056
806, 0.776173285198556, 0.6777777777777778, 0.7415730337078652
807, 0.7815884476534296, 0.6666666666666666, 0.7191011235955056
808, 0.7870036101083032, 0.6777777777777778, 0.7303370786516854
809, 0.779783393501805, 0.6666666666666666, 0.7303370786516854
810, 0.7906137184115524, 0.6777777777777778, 0.7303370786516854
811, 0.796028880866426, 0.6722222222222223, 0.7303370786516854
812, 0.7888086642599278, 0.6666666666666666, 0.7191011235955056
813, 0.7888086642599278, 0.6777777777777778, 0.7247191011235955
814, 0.7888086642599278, 0.6888888888888889, 0.7303370786516854
815, 0.7924187725631769, 0.6666666666666666, 0.7303370786516854
816, 0.7906137184115524, 0.6777777777777778, 0.7247191011235955
817, 0.7978339350180506, 0.6722222222222223, 0.7303370786516854
818, 0.7906137184115524, 0.6722222222222223, 0.7247191011235955
819, 0.7924187725631769, 0.6666666666666666, 0.7303370786516854
39	0	0	0	0	2	
1	6	3	0	3	5	
0	0	32	2	3	0	
2	0	1	15	1	0	
1	2	4	2	7	1	
2	3	3	1	5	32	
820, 0.7888086642599278, 0.6833333333333333, 0.7359550561797753
821, 0.7942238267148014, 0.6888888888888889, 0.7359550561797753
822, 0.7906137184115524, 0.6833333333333333, 0.7247191011235955
823, 0.7906137184115524, 0.6833333333333333, 0.7247191011235955
824, 0.7870036101083032, 0.6833333333333333, 0.7247191011235955
825, 0.7851985559566786, 0.6777777777777778, 0.7247191011235955
826, 0.7942238267148014, 0.6666666666666666, 0.7303370786516854
827, 0.7924187725631769, 0.6722222222222223, 0.7359550561797753
828, 0.7942238267148014, 0.6722222222222223, 0.7359550561797753
829, 0.7906137184115524, 0.6888888888888889, 0.7359550561797753
830, 0.7924187725631769, 0.6833333333333333, 0.7359550561797753
831, 0.7924187725631769, 0.6833333333333333, 0.7415730337078652
832, 0.7924187725631769, 0.6833333333333333, 0.7415730337078652
833, 0.7924187725631769, 0.6888888888888889, 0.7415730337078652
834, 0.7942238267148014, 0.6777777777777778, 0.7471910112359551
835, 0.7924187725631769, 0.6833333333333333, 0.7471910112359551
836, 0.7924187725631769, 0.6888888888888889, 0.7359550561797753
837, 0.7924187725631769, 0.6833333333333333, 0.7471910112359551
838, 0.7906137184115524, 0.6833333333333333, 0.7415730337078652
839, 0.7924187725631769, 0.6888888888888889, 0.7415730337078652
39	0	0	0	0	2	
1	7	2	0	2	6	
0	0	31	2	3	1	
2	0	1	15	1	0	
1	1	2	2	9	2	
2	3	1	1	7	32	
840, 0.8014440433212996, 0.7, 0.7471910112359551
841, 0.796028880866426, 0.6944444444444444, 0.7415730337078652
842, 0.8014440433212996, 0.6944444444444444, 0.7471910112359551
843, 0.796028880866426, 0.6888888888888889, 0.7359550561797753
844, 0.796028880866426, 0.6833333333333333, 0.7415730337078652
845, 0.796028880866426, 0.6888888888888889, 0.7359550561797753
846, 0.7924187725631769, 0.6944444444444444, 0.7359550561797753
847, 0.8014440433212996, 0.6888888888888889, 0.7303370786516854
848, 0.796028880866426, 0.6888888888888889, 0.7303370786516854
849, 0.7996389891696751, 0.6888888888888889, 0.7303370786516854
850, 0.7996389891696751, 0.6888888888888889, 0.7471910112359551
851, 0.796028880866426, 0.6888888888888889, 0.7303370786516854
852, 0.8014440433212996, 0.7, 0.7247191011235955
853, 0.7996389891696751, 0.7, 0.7303370786516854
854, 0.8014440433212996, 0.6944444444444444, 0.7303370786516854
855, 0.8014440433212996, 0.6944444444444444, 0.7415730337078652
856, 0.8050541516245487, 0.6944444444444444, 0.7415730337078652
857, 0.8014440433212996, 0.6944444444444444, 0.7359550561797753
858, 0.7942238267148014, 0.6888888888888889, 0.7303370786516854
859, 0.7996389891696751, 0.6944444444444444, 0.7303370786516854
38	0	0	0	1	2	
1	7	2	0	3	5	
0	0	31	2	4	0	
2	0	1	13	1	2	
1	2	2	1	10	1	
1	3	1	1	8	32	
860, 0.7996389891696751, 0.6944444444444444, 0.7359550561797753
861, 0.8050541516245487, 0.6944444444444444, 0.7359550561797753
862, 0.8014440433212996, 0.6944444444444444, 0.7359550561797753
863, 0.7978339350180506, 0.6944444444444444, 0.7303370786516854
864, 0.796028880866426, 0.6944444444444444, 0.7247191011235955
865, 0.8068592057761733, 0.6944444444444444, 0.7247191011235955
866, 0.8014440433212996, 0.6888888888888889, 0.7247191011235955
867, 0.8014440433212996, 0.6888888888888889, 0.7191011235955056
868, 0.8032490974729242, 0.6944444444444444, 0.7191011235955056
869, 0.8014440433212996, 0.6888888888888889, 0.7191011235955056
870, 0.7996389891696751, 0.6944444444444444, 0.7247191011235955
871, 0.7978339350180506, 0.6888888888888889, 0.7359550561797753
872, 0.7978339350180506, 0.6888888888888889, 0.7191011235955056
873, 0.8014440433212996, 0.6833333333333333, 0.7191011235955056
874, 0.8014440433212996, 0.6833333333333333, 0.7191011235955056
875, 0.7996389891696751, 0.6888888888888889, 0.7191011235955056
876, 0.8014440433212996, 0.6888888888888889, 0.7134831460674157
877, 0.8014440433212996, 0.6888888888888889, 0.7134831460674157
878, 0.8014440433212996, 0.6888888888888889, 0.7191011235955056
879, 0.8014440433212996, 0.6833333333333333, 0.7134831460674157
35	0	0	0	3	3	
1	7	2	0	2	6	
0	0	29	2	5	1	
2	1	1	10	1	4	
1	1	2	1	10	2	
1	1	1	0	7	36	
880, 0.8050541516245487, 0.6833333333333333, 0.7134831460674157
881, 0.8104693140794224, 0.6833333333333333, 0.7078651685393258
882, 0.8032490974729242, 0.6833333333333333, 0.7191011235955056
883, 0.8032490974729242, 0.6833333333333333, 0.702247191011236
884, 0.8050541516245487, 0.6833333333333333, 0.7134831460674157
885, 0.8032490974729242, 0.6833333333333333, 0.7078651685393258
886, 0.7996389891696751, 0.6833333333333333, 0.6910112359550562
887, 0.8050541516245487, 0.6833333333333333, 0.702247191011236
888, 0.8104693140794224, 0.6833333333333333, 0.6966292134831461
889, 0.8068592057761733, 0.6833333333333333, 0.6966292134831461
890, 0.8104693140794224, 0.6777777777777778, 0.6966292134831461
891, 0.8068592057761733, 0.6777777777777778, 0.6966292134831461
892, 0.8104693140794224, 0.6777777777777778, 0.6966292134831461
893, 0.8086642599277978, 0.6777777777777778, 0.702247191011236
894, 0.8104693140794224, 0.6777777777777778, 0.6966292134831461
895, 0.8104693140794224, 0.6777777777777778, 0.702247191011236
896, 0.8068592057761733, 0.6777777777777778, 0.6966292134831461
897, 0.8086642599277978, 0.6777777777777778, 0.6966292134831461
898, 0.8086642599277978, 0.6777777777777778, 0.6966292134831461
899, 0.8032490974729242, 0.6777777777777778, 0.6797752808988764
35	0	0	0	3	3	
1	6	2	0	3	6	
0	0	27	2	7	1	
2	1	1	10	1	4	
1	1	1	3	9	2	
1	1	1	0	8	35	
900, 0.8050541516245487, 0.6722222222222223, 0.6853932584269663
901, 0.8068592057761733, 0.6833333333333333, 0.6910112359550562
902, 0.8032490974729242, 0.6888888888888889, 0.6853932584269663
903, 0.8032490974729242, 0.6888888888888889, 0.6741573033707865
904, 0.7996389891696751, 0.6888888888888889, 0.6741573033707865
905, 0.7996389891696751, 0.6888888888888889, 0.6797752808988764
906, 0.8032490974729242, 0.6888888888888889, 0.6741573033707865
907, 0.7996389891696751, 0.6722222222222223, 0.6797752808988764
908, 0.8068592057761733, 0.6888888888888889, 0.6741573033707865
909, 0.7978339350180506, 0.6777777777777778, 0.6797752808988764
910, 0.796028880866426, 0.6888888888888889, 0.6853932584269663
911, 0.7942238267148014, 0.6833333333333333, 0.6853932584269663
912, 0.7851985559566786, 0.6722222222222223, 0.6741573033707865
913, 0.7996389891696751, 0.6888888888888889, 0.6797752808988764
914, 0.7996389891696751, 0.6888888888888889, 0.6797752808988764
915, 0.7906137184115524, 0.6666666666666666, 0.6797752808988764
916, 0.7888086642599278, 0.6666666666666666, 0.6797752808988764
917, 0.7888086642599278, 0.6666666666666666, 0.6853932584269663
918, 0.7924187725631769, 0.6833333333333333, 0.6797752808988764
919, 0.7978339350180506, 0.6722222222222223, 0.6797752808988764
35	0	0	0	3	3	
1	6	2	0	4	5	
0	0	27	1	8	1	
2	1	1	10	1	4	
2	1	1	2	10	1	
1	1	1	1	10	32	
920, 0.7978339350180506, 0.6944444444444444, 0.6741573033707865
921, 0.796028880866426, 0.6833333333333333, 0.6741573033707865
922, 0.8032490974729242, 0.6888888888888889, 0.6797752808988764
923, 0.8068592057761733, 0.6944444444444444, 0.6853932584269663
924, 0.7978339350180506, 0.6888888888888889, 0.6797752808988764
925, 0.796028880866426, 0.6888888888888889, 0.6797752808988764
926, 0.8068592057761733, 0.6777777777777778, 0.6966292134831461
927, 0.8068592057761733, 0.6722222222222223, 0.6910112359550562
928, 0.796028880866426, 0.6833333333333333, 0.6741573033707865
929, 0.7978339350180506, 0.6833333333333333, 0.6797752808988764
930, 0.7978339350180506, 0.6833333333333333, 0.6685393258426966
931, 0.7996389891696751, 0.6944444444444444, 0.6797752808988764
932, 0.7978339350180506, 0.6777777777777778, 0.6741573033707865
933, 0.7924187725631769, 0.6777777777777778, 0.6685393258426966
934, 0.7978339350180506, 0.6833333333333333, 0.6741573033707865
935, 0.7978339350180506, 0.6944444444444444, 0.6797752808988764
936, 0.7978339350180506, 0.6833333333333333, 0.6741573033707865
937, 0.7978339350180506, 0.6833333333333333, 0.6797752808988764
938, 0.796028880866426, 0.6777777777777778, 0.6741573033707865
939, 0.796028880866426, 0.6722222222222223, 0.6685393258426966
35	0	0	0	3	3	
1	6	2	0	4	5	
0	0	27	1	8	1	
2	1	1	10	1	4	
2	1	2	1	10	1	
1	0	2	0	9	34	
940, 0.796028880866426, 0.6833333333333333, 0.6853932584269663
941, 0.796028880866426, 0.6888888888888889, 0.6853932584269663
942, 0.796028880866426, 0.6833333333333333, 0.6853932584269663
943, 0.7978339350180506, 0.6888888888888889, 0.6853932584269663
944, 0.7978339350180506, 0.6888888888888889, 0.6797752808988764
945, 0.7978339350180506, 0.6777777777777778, 0.6797752808988764
946, 0.7978339350180506, 0.6777777777777778, 0.6853932584269663
947, 0.7996389891696751, 0.6777777777777778, 0.6853932584269663
948, 0.7906137184115524, 0.6722222222222223, 0.6853932584269663
949, 0.7996389891696751, 0.6722222222222223, 0.6797752808988764
950, 0.7996389891696751, 0.6666666666666666, 0.6797752808988764
951, 0.7996389891696751, 0.6611111111111111, 0.6853932584269663
952, 0.8068592057761733, 0.6444444444444445, 0.6853932584269663
953, 0.7996389891696751, 0.6555555555555556, 0.6853932584269663
954, 0.8032490974729242, 0.6555555555555556, 0.6910112359550562
955, 0.7996389891696751, 0.6611111111111111, 0.6853932584269663
956, 0.7978339350180506, 0.6611111111111111, 0.6853932584269663
957, 0.7996389891696751, 0.6555555555555556, 0.6853932584269663
958, 0.7996389891696751, 0.6611111111111111, 0.6853932584269663
959, 0.7978339350180506, 0.6611111111111111, 0.6853932584269663
34	0	0	0	4	3	
0	6	2	0	4	6	
0	0	27	1	8	1	
1	1	1	10	2	4	
1	2	1	1	10	2	
1	1	1	0	8	35	
960, 0.7996389891696751, 0.6611111111111111, 0.6853932584269663
961, 0.7996389891696751, 0.6611111111111111, 0.6853932584269663
962, 0.8014440433212996, 0.6555555555555556, 0.6853932584269663
963, 0.8050541516245487, 0.6555555555555556, 0.6910112359550562
964, 0.8014440433212996, 0.6611111111111111, 0.6853932584269663
965, 0.8014440433212996, 0.6555555555555556, 0.6853932584269663
966, 0.8014440433212996, 0.6611111111111111, 0.6853932584269663
967, 0.7978339350180506, 0.6611111111111111, 0.6853932584269663
968, 0.796028880866426, 0.65, 0.6853932584269663
969, 0.7978339350180506, 0.6555555555555556, 0.6853932584269663
970, 0.7996389891696751, 0.65, 0.6853932584269663
971, 0.8032490974729242, 0.6555555555555556, 0.6910112359550562
972, 0.7942238267148014, 0.6444444444444445, 0.6853932584269663
973, 0.7924187725631769, 0.65, 0.6853932584269663
974, 0.7996389891696751, 0.6333333333333333, 0.6853932584269663
975, 0.7906137184115524, 0.65, 0.6853932584269663
976, 0.7942238267148014, 0.6388888888888888, 0.6797752808988764
977, 0.7942238267148014, 0.6388888888888888, 0.6797752808988764
978, 0.7851985559566786, 0.6722222222222223, 0.6629213483146067
979, 0.7870036101083032, 0.6277777777777778, 0.6629213483146067
32	1	0	0	5	3	
0	7	2	0	3	6	
0	0	27	1	8	1	
1	1	1	10	2	4	
1	2	1	2	9	2	
0	1	1	1	10	33	
980, 0.7870036101083032, 0.6444444444444445, 0.6629213483146067
981, 0.7888086642599278, 0.6333333333333333, 0.6685393258426966
982, 0.7870036101083032, 0.6333333333333333, 0.6629213483146067
983, 0.7888086642599278, 0.6277777777777778, 0.6573033707865169
984, 0.7978339350180506, 0.6555555555555556, 0.6741573033707865
985, 0.7870036101083032, 0.6388888888888888, 0.6741573033707865
986, 0.7851985559566786, 0.6333333333333333, 0.6573033707865169
987, 0.7924187725631769, 0.6444444444444445, 0.6853932584269663
988, 0.7906137184115524, 0.6277777777777778, 0.6741573033707865
989, 0.7888086642599278, 0.6388888888888888, 0.6629213483146067
990, 0.7924187725631769, 0.6388888888888888, 0.6685393258426966
991, 0.7851985559566786, 0.6333333333333333, 0.6741573033707865
992, 0.7851985559566786, 0.6333333333333333, 0.6741573033707865
993, 0.8014440433212996, 0.6611111111111111, 0.6853932584269663
994, 0.7779783393501805, 0.6277777777777778, 0.6235955056179775
995, 0.779783393501805, 0.6222222222222222, 0.6348314606741573
996, 0.7978339350180506, 0.6611111111111111, 0.6797752808988764
997, 0.7851985559566786, 0.6333333333333333, 0.6573033707865169
998, 0.7707581227436823, 0.6222222222222222, 0.6179775280898876
999, 0.7851985559566786, 0.6277777777777778, 0.6573033707865169
31	1	0	0	6	3	
0	7	2	0	3	6	
0	0	27	1	8	1	
1	1	1	10	2	4	
0	3	1	1	10	2	
0	1	1	1	11	32	
1000, 0.7870036101083032, 0.6277777777777778, 0.6573033707865169
1001, 0.8014440433212996, 0.6444444444444445, 0.6797752808988764
1002, 0.7924187725631769, 0.65, 0.6741573033707865
1003, 0.7833935018050542, 0.6277777777777778, 0.651685393258427
1004, 0.7888086642599278, 0.6333333333333333, 0.651685393258427
1005, 0.7833935018050542, 0.6222222222222222, 0.6404494382022472
1006, 0.7888086642599278, 0.6222222222222222, 0.6460674157303371
1007, 0.7779783393501805, 0.6277777777777778, 0.6348314606741573
1008, 0.7833935018050542, 0.6222222222222222, 0.6404494382022472
1009, 0.7815884476534296, 0.6611111111111111, 0.6741573033707865
1010, 0.7870036101083032, 0.6222222222222222, 0.651685393258427
1011, 0.7833935018050542, 0.6222222222222222, 0.6404494382022472
1012, 0.7906137184115524, 0.6611111111111111, 0.6741573033707865
1013, 0.7870036101083032, 0.6611111111111111, 0.6741573033707865
1014, 0.7906137184115524, 0.6666666666666666, 0.6741573033707865
1015, 0.7906137184115524, 0.6222222222222222, 0.6629213483146067
1016, 0.7833935018050542, 0.6277777777777778, 0.6348314606741573
1017, 0.7906137184115524, 0.6611111111111111, 0.6629213483146067
1018, 0.7906137184115524, 0.6277777777777778, 0.6573033707865169
1019, 0.7906137184115524, 0.6222222222222222, 0.651685393258427
31	1	0	0	6	3	
0	7	2	0	4	5	
0	0	27	1	9	0	
1	1	1	10	2	4	
1	4	0	1	10	1	
0	1	1	1	11	32	
1020, 0.7833935018050542, 0.6444444444444445, 0.6573033707865169
1021, 0.7942238267148014, 0.65, 0.6741573033707865
1022, 0.7942238267148014, 0.65, 0.6741573033707865
1023, 0.7906137184115524, 0.65, 0.6741573033707865
1024, 0.7924187725631769, 0.6444444444444445, 0.6797752808988764
1025, 0.7924187725631769, 0.6555555555555556, 0.6741573033707865
1026, 0.7851985559566786, 0.6333333333333333, 0.6404494382022472
1027, 0.7833935018050542, 0.6333333333333333, 0.6348314606741573
1028, 0.779783393501805, 0.6333333333333333, 0.6235955056179775
1029, 0.779783393501805, 0.6333333333333333, 0.6235955056179775
1030, 0.7815884476534296, 0.6444444444444445, 0.6292134831460674
1031, 0.8050541516245487, 0.6555555555555556, 0.6741573033707865
1032, 0.7851985559566786, 0.6166666666666667, 0.651685393258427
1033, 0.7906137184115524, 0.6222222222222222, 0.651685393258427
1034, 0.7851985559566786, 0.6333333333333333, 0.6404494382022472
1035, 0.7906137184115524, 0.6277777777777778, 0.6460674157303371
1036, 0.7815884476534296, 0.6611111111111111, 0.6348314606741573
1037, 0.7833935018050542, 0.6277777777777778, 0.6348314606741573
1038, 0.7815884476534296, 0.6222222222222222, 0.6292134831460674
1039, 0.7870036101083032, 0.6166666666666667, 0.6292134831460674
29	1	0	0	8	3	
0	7	2	0	4	5	
0	0	27	1	9	0	
1	1	1	10	2	4	
0	4	0	1	10	2	
0	2	2	1	9	32	
1040, 0.7906137184115524, 0.6333333333333333, 0.6460674157303371
1041, 0.779783393501805, 0.6333333333333333, 0.6292134831460674
1042, 0.7851985559566786, 0.6333333333333333, 0.6292134831460674
1043, 0.7851985559566786, 0.6277777777777778, 0.6292134831460674
1044, 0.796028880866426, 0.6333333333333333, 0.6460674157303371
1045, 0.7942238267148014, 0.6444444444444445, 0.6404494382022472
1046, 0.7924187725631769, 0.6222222222222222, 0.6404494382022472
1047, 0.7906137184115524, 0.6333333333333333, 0.6348314606741573
1048, 0.796028880866426, 0.6444444444444445, 0.651685393258427
1049, 0.7996389891696751, 0.6444444444444445, 0.6685393258426966
1050, 0.7888086642599278, 0.6333333333333333, 0.6348314606741573
1051, 0.7978339350180506, 0.6444444444444445, 0.6629213483146067
1052, 0.7942238267148014, 0.6333333333333333, 0.6460674157303371
1053, 0.8086642599277978, 0.6611111111111111, 0.6685393258426966
1054, 0.8014440433212996, 0.65, 0.6629213483146067
1055, 0.7851985559566786, 0.6277777777777778, 0.6235955056179775
1056, 0.776173285198556, 0.6611111111111111, 0.6235955056179775
1057, 0.7978339350180506, 0.6444444444444445, 0.651685393258427
1058, 0.779783393501805, 0.6388888888888888, 0.6235955056179775
1059, 0.7888086642599278, 0.6166666666666667, 0.6404494382022472
33	1	0	0	4	3	
0	7	2	0	5	4	
0	0	27	1	9	0	
1	1	1	11	2	3	
1	4	0	2	10	0	
0	2	2	1	11	30	
1060, 0.7978339350180506, 0.6722222222222223, 0.6629213483146067
1061, 0.8050541516245487, 0.6444444444444445, 0.6629213483146067
1062, 0.7924187725631769, 0.6444444444444445, 0.6292134831460674
1063, 0.8068592057761733, 0.6388888888888888, 0.6797752808988764
1064, 0.8086642599277978, 0.6388888888888888, 0.6797752808988764
1065, 0.7942238267148014, 0.6444444444444445, 0.6292134831460674
1066, 0.7870036101083032, 0.6555555555555556, 0.6292134831460674
1067, 0.8014440433212996, 0.6388888888888888, 0.6348314606741573
1068, 0.8104693140794224, 0.6388888888888888, 0.6685393258426966
1069, 0.7996389891696751, 0.6277777777777778, 0.6460674157303371
1070, 0.8104693140794224, 0.6611111111111111, 0.651685393258427
1071, 0.8122743682310469, 0.6555555555555556, 0.6629213483146067
1072, 0.8068592057761733, 0.6555555555555556, 0.6629213483146067
1073, 0.7942238267148014, 0.6222222222222222, 0.6404494382022472
1074, 0.8050541516245487, 0.6388888888888888, 0.6573033707865169
1075, 0.8104693140794224, 0.6388888888888888, 0.6797752808988764
1076, 0.8104693140794224, 0.6666666666666666, 0.6741573033707865
1077, 0.8104693140794224, 0.6611111111111111, 0.651685393258427
1078, 0.7870036101083032, 0.65, 0.6348314606741573
1079, 0.8032490974729242, 0.6611111111111111, 0.6348314606741573
33	1	0	0	4	3	
0	7	2	0	4	5	
0	0	27	1	9	0	
1	1	1	10	2	4	
1	3	0	2	9	2	
0	3	1	1	10	31	
1080, 0.8122743682310469, 0.6666666666666666, 0.6573033707865169
1081, 0.8122743682310469, 0.6444444444444445, 0.6741573033707865
1082, 0.8050541516245487, 0.6555555555555556, 0.6685393258426966
1083, 0.8122743682310469, 0.6666666666666666, 0.6629213483146067
1084, 0.8032490974729242, 0.6333333333333333, 0.6573033707865169
1085, 0.8032490974729242, 0.6611111111111111, 0.6460674157303371
1086, 0.8032490974729242, 0.6611111111111111, 0.6460674157303371
1087, 0.8194945848375451, 0.6777777777777778, 0.6573033707865169
1088, 0.8158844765342961, 0.6555555555555556, 0.6629213483146067
1089, 0.8122743682310469, 0.6444444444444445, 0.6685393258426966
1090, 0.8068592057761733, 0.6555555555555556, 0.6573033707865169
1091, 0.796028880866426, 0.6611111111111111, 0.6460674157303371
1092, 0.8140794223826715, 0.6611111111111111, 0.6685393258426966
1093, 0.8014440433212996, 0.6666666666666666, 0.6853932584269663
1094, 0.796028880866426, 0.6611111111111111, 0.6460674157303371
1095, 0.8122743682310469, 0.6611111111111111, 0.6797752808988764
1096, 0.8122743682310469, 0.6666666666666666, 0.6685393258426966
1097, 0.8068592057761733, 0.6666666666666666, 0.6741573033707865
1098, 0.8086642599277978, 0.6611111111111111, 0.6685393258426966
1099, 0.8104693140794224, 0.6666666666666666, 0.6966292134831461
33	1	0	0	4	3	
0	7	2	1	5	3	
0	0	27	2	8	0	
1	1	1	13	2	1	
1	2	0	4	10	0	
0	4	2	1	11	28	
1100, 0.8086642599277978, 0.6833333333333333, 0.6629213483146067
1101, 0.8068592057761733, 0.6666666666666666, 0.6797752808988764
1102, 0.8104693140794224, 0.6722222222222223, 0.6573033707865169
1103, 0.8086642599277978, 0.6666666666666666, 0.6629213483146067
1104, 0.8158844765342961, 0.6666666666666666, 0.6910112359550562
1105, 0.7996389891696751, 0.6722222222222223, 0.6797752808988764
1106, 0.8086642599277978, 0.6722222222222223, 0.6573033707865169
1107, 0.8122743682310469, 0.6555555555555556, 0.6573033707865169
1108, 0.8140794223826715, 0.6777777777777778, 0.6741573033707865
1109, 0.8122743682310469, 0.6722222222222223, 0.6741573033707865
1110, 0.8212996389891697, 0.6666666666666666, 0.6910112359550562
1111, 0.8231046931407943, 0.6722222222222223, 0.6853932584269663
1112, 0.8194945848375451, 0.6666666666666666, 0.6629213483146067
1113, 0.8122743682310469, 0.6777777777777778, 0.6629213483146067
1114, 0.8176895306859205, 0.6722222222222223, 0.6629213483146067
1115, 0.8122743682310469, 0.6333333333333333, 0.6685393258426966
1116, 0.7996389891696751, 0.6666666666666666, 0.6797752808988764
1117, 0.8267148014440433, 0.6833333333333333, 0.6741573033707865
1118, 0.8267148014440433, 0.6611111111111111, 0.6741573033707865
1119, 0.8194945848375451, 0.6444444444444445, 0.6741573033707865
30	1	1	1	5	3	
0	7	2	1	5	3	
0	0	28	2	7	0	
1	1	1	12	2	2	
0	2	1	5	9	0	
0	4	3	1	9	29	
1120, 0.8014440433212996, 0.6722222222222223, 0.6460674157303371
1121, 0.8212996389891697, 0.6666666666666666, 0.6741573033707865
1122, 0.8267148014440433, 0.6722222222222223, 0.6685393258426966
1123, 0.8032490974729242, 0.6888888888888889, 0.6853932584269663
1124, 0.8014440433212996, 0.6888888888888889, 0.6797752808988764
1125, 0.8068592057761733, 0.6944444444444444, 0.6797752808988764
1126, 0.8212996389891697, 0.6888888888888889, 0.6741573033707865
1127, 0.7996389891696751, 0.6722222222222223, 0.6797752808988764
1128, 0.8140794223826715, 0.6888888888888889, 0.6629213483146067
1129, 0.8104693140794224, 0.6888888888888889, 0.6853932584269663
1130, 0.8086642599277978, 0.6944444444444444, 0.6685393258426966
1131, 0.8321299638989169, 0.6722222222222223, 0.6685393258426966
1132, 0.8357400722021661, 0.6777777777777778, 0.6741573033707865
1133, 0.8140794223826715, 0.6833333333333333, 0.6853932584269663
1134, 0.8122743682310469, 0.6833333333333333, 0.6853932584269663
1135, 0.8285198555956679, 0.6666666666666666, 0.6685393258426966
1136, 0.8285198555956679, 0.6666666666666666, 0.6741573033707865
1137, 0.8050541516245487, 0.6833333333333333, 0.6966292134831461
1138, 0.8339350180505415, 0.6666666666666666, 0.6685393258426966
1139, 0.8321299638989169, 0.6722222222222223, 0.6741573033707865
34	0	0	0	4	3	
0	7	2	0	4	5	
0	0	27	1	9	0	
1	1	0	11	2	4	
1	2	0	4	9	1	
1	3	1	1	7	33	
1140, 0.8321299638989169, 0.6777777777777778, 0.6797752808988764
1141, 0.8321299638989169, 0.6722222222222223, 0.6741573033707865
1142, 0.8140794223826715, 0.6888888888888889, 0.6853932584269663
1143, 0.8104693140794224, 0.6888888888888889, 0.7078651685393258
1144, 0.8158844765342961, 0.6777777777777778, 0.6966292134831461
1145, 0.8321299638989169, 0.6666666666666666, 0.6741573033707865
1146, 0.8212996389891697, 0.6722222222222223, 0.6797752808988764
1147, 0.8375451263537906, 0.6722222222222223, 0.6741573033707865
1148, 0.8321299638989169, 0.6777777777777778, 0.6797752808988764
1149, 0.8050541516245487, 0.6833333333333333, 0.6741573033707865
1150, 0.8086642599277978, 0.6888888888888889, 0.6966292134831461
1151, 0.8158844765342961, 0.6777777777777778, 0.6853932584269663
1152, 0.8249097472924187, 0.6666666666666666, 0.6741573033707865
1153, 0.8212996389891697, 0.6777777777777778, 0.6853932584269663
1154, 0.8357400722021661, 0.6611111111111111, 0.6741573033707865
1155, 0.8140794223826715, 0.6888888888888889, 0.6797752808988764
1156, 0.8357400722021661, 0.6722222222222223, 0.6797752808988764
1157, 0.8375451263537906, 0.6888888888888889, 0.6797752808988764
1158, 0.8249097472924187, 0.6722222222222223, 0.6853932584269663
1159, 0.8357400722021661, 0.6611111111111111, 0.6741573033707865
32	1	0	0	5	3	
0	7	1	0	1	9	
0	0	27	1	9	0	
1	1	0	11	2	4	
1	1	0	3	9	3	
0	2	1	1	7	35	
1160, 0.8339350180505415, 0.6722222222222223, 0.6797752808988764
1161, 0.8339350180505415, 0.6722222222222223, 0.6797752808988764
1162, 0.8285198555956679, 0.6666666666666666, 0.6853932584269663
1163, 0.8375451263537906, 0.6888888888888889, 0.6797752808988764
1164, 0.8357400722021661, 0.6666666666666666, 0.6853932584269663
1165, 0.8339350180505415, 0.6666666666666666, 0.6966292134831461
1166, 0.8212996389891697, 0.6722222222222223, 0.6966292134831461
1167, 0.8339350180505415, 0.6722222222222223, 0.6910112359550562
1168, 0.8339350180505415, 0.6722222222222223, 0.6910112359550562
1169, 0.8375451263537906, 0.6944444444444444, 0.6797752808988764
1170, 0.8375451263537906, 0.6833333333333333, 0.6853932584269663
1171, 0.8375451263537906, 0.6833333333333333, 0.6853932584269663
1172, 0.8339350180505415, 0.6777777777777778, 0.6853932584269663
1173, 0.8375451263537906, 0.6722222222222223, 0.6910112359550562
1174, 0.8321299638989169, 0.6666666666666666, 0.6966292134831461
1175, 0.8339350180505415, 0.6722222222222223, 0.6853932584269663
1176, 0.8303249097472925, 0.6666666666666666, 0.6910112359550562
1177, 0.8176895306859205, 0.6888888888888889, 0.6966292134831461
1178, 0.8194945848375451, 0.6833333333333333, 0.702247191011236
1179, 0.8212996389891697, 0.6722222222222223, 0.7134831460674157
34	0	0	0	4	3	
0	7	2	1	5	3	
0	0	28	1	8	0	
1	0	1	12	2	3	
1	2	0	4	9	1	
0	1	2	1	8	34	
1180, 0.8249097472924187, 0.6666666666666666, 0.6966292134831461
1181, 0.8140794223826715, 0.6777777777777778, 0.7078651685393258
1182, 0.8249097472924187, 0.6888888888888889, 0.702247191011236
1183, 0.8303249097472925, 0.6722222222222223, 0.6910112359550562
1184, 0.8231046931407943, 0.6777777777777778, 0.7134831460674157
1185, 0.8339350180505415, 0.6833333333333333, 0.6966292134831461
1186, 0.8321299638989169, 0.6777777777777778, 0.6966292134831461
1187, 0.8249097472924187, 0.6777777777777778, 0.6910112359550562
1188, 0.8375451263537906, 0.6777777777777778, 0.6910112359550562
1189, 0.8285198555956679, 0.6722222222222223, 0.702247191011236
1190, 0.8104693140794224, 0.6833333333333333, 0.6404494382022472
1191, 0.8303249097472925, 0.6666666666666666, 0.6797752808988764
1192, 0.8321299638989169, 0.6777777777777778, 0.6966292134831461
1193, 0.8339350180505415, 0.6777777777777778, 0.6910112359550562
1194, 0.8375451263537906, 0.6722222222222223, 0.6853932584269663
1195, 0.8357400722021661, 0.6777777777777778, 0.6797752808988764
1196, 0.8194945848375451, 0.6722222222222223, 0.6629213483146067
1197, 0.8375451263537906, 0.6777777777777778, 0.6853932584269663
1198, 0.8393501805054152, 0.6777777777777778, 0.6797752808988764
1199, 0.8393501805054152, 0.6833333333333333, 0.6741573033707865
33	1	0	0	4	3	
0	7	1	0	3	7	
0	0	26	1	10	0	
1	1	0	11	2	4	
1	2	0	4	9	1	
0	2	1	1	8	34	
1200, 0.8321299638989169, 0.6777777777777778, 0.6741573033707865
1201, 0.8285198555956679, 0.6833333333333333, 0.6797752808988764
1202, 0.8303249097472925, 0.7, 0.6910112359550562
1203, 0.8140794223826715, 0.6777777777777778, 0.6235955056179775
1204, 0.8176895306859205, 0.6666666666666666, 0.6179775280898876
1205, 0.8303249097472925, 0.6888888888888889, 0.6910112359550562
1206, 0.8393501805054152, 0.6833333333333333, 0.6685393258426966
1207, 0.7851985559566786, 0.6888888888888889, 0.6741573033707865
1208, 0.8321299638989169, 0.6833333333333333, 0.6460674157303371
1209, 0.8267148014440433, 0.7, 0.6685393258426966
1210, 0.8303249097472925, 0.6888888888888889, 0.6966292134831461
1211, 0.8393501805054152, 0.6833333333333333, 0.6741573033707865
1212, 0.8158844765342961, 0.6722222222222223, 0.6235955056179775
1213, 0.8375451263537906, 0.6944444444444444, 0.6966292134831461
1214, 0.8032490974729242, 0.6722222222222223, 0.6348314606741573
1215, 0.8393501805054152, 0.6777777777777778, 0.6797752808988764
1216, 0.8411552346570397, 0.6833333333333333, 0.6853932584269663
1217, 0.8375451263537906, 0.6833333333333333, 0.6797752808988764
1218, 0.8375451263537906, 0.6777777777777778, 0.6629213483146067
1219, 0.8339350180505415, 0.6944444444444444, 0.7078651685393258
32	1	0	0	5	3	
0	7	2	1	5	3	
0	1	27	1	8	0	
1	1	0	12	2	3	
1	4	0	3	9	0	
0	6	1	1	8	30	
1220, 0.8194945848375451, 0.6777777777777778, 0.6573033707865169
1221, 0.8303249097472925, 0.6888888888888889, 0.702247191011236
1222, 0.8050541516245487, 0.6777777777777778, 0.6404494382022472
1223, 0.8194945848375451, 0.6888888888888889, 0.6853932584269663
1224, 0.8429602888086642, 0.6777777777777778, 0.6741573033707865
1225, 0.8357400722021661, 0.6833333333333333, 0.6629213483146067
1226, 0.8158844765342961, 0.6722222222222223, 0.6404494382022472
1227, 0.8068592057761733, 0.6833333333333333, 0.6629213483146067
1228, 0.8122743682310469, 0.6777777777777778, 0.702247191011236
1229, 0.8321299638989169, 0.6888888888888889, 0.702247191011236
1230, 0.8375451263537906, 0.6777777777777778, 0.6685393258426966
1231, 0.8339350180505415, 0.6722222222222223, 0.6573033707865169
1232, 0.8411552346570397, 0.6888888888888889, 0.6797752808988764
1233, 0.8411552346570397, 0.6777777777777778, 0.6685393258426966
1234, 0.8032490974729242, 0.6666666666666666, 0.6123595505617978
1235, 0.8375451263537906, 0.7, 0.6853932584269663
1236, 0.8429602888086642, 0.6777777777777778, 0.6741573033707865
1237, 0.8375451263537906, 0.6888888888888889, 0.6966292134831461
1238, 0.8122743682310469, 0.6944444444444444, 0.651685393258427
1239, 0.8447653429602888, 0.6722222222222223, 0.6741573033707865
34	0	0	0	4	3	
0	6	3	1	5	3	
0	0	28	1	8	0	
1	0	2	12	1	3	
1	1	1	4	9	1	
0	1	3	1	7	34	
1240, 0.8249097472924187, 0.6944444444444444, 0.6910112359550562
1241, 0.8429602888086642, 0.6777777777777778, 0.6629213483146067
1242, 0.8393501805054152, 0.6833333333333333, 0.6966292134831461
1243, 0.8050541516245487, 0.6722222222222223, 0.6235955056179775
1244, 0.7996389891696751, 0.6611111111111111, 0.6235955056179775
1245, 0.8212996389891697, 0.6722222222222223, 0.6910112359550562
1246, 0.8393501805054152, 0.6888888888888889, 0.6460674157303371
1247, 0.8231046931407943, 0.6722222222222223, 0.6179775280898876
1248, 0.8411552346570397, 0.6777777777777778, 0.6797752808988764
1249, 0.8411552346570397, 0.6722222222222223, 0.6741573033707865
1250, 0.8357400722021661, 0.6722222222222223, 0.6741573033707865
1251, 0.8158844765342961, 0.6777777777777778, 0.6853932584269663
1252, 0.8086642599277978, 0.6777777777777778, 0.6235955056179775
1253, 0.8411552346570397, 0.6833333333333333, 0.651685393258427
1254, 0.8212996389891697, 0.6944444444444444, 0.7134831460674157
1255, 0.8321299638989169, 0.6777777777777778, 0.6685393258426966
1256, 0.8447653429602888, 0.6833333333333333, 0.6573033707865169
1257, 0.8303249097472925, 0.6833333333333333, 0.7134831460674157
1258, 0.8357400722021661, 0.7111111111111111, 0.6741573033707865
1259, 0.8429602888086642, 0.6833333333333333, 0.6853932584269663
25	1	1	0	11	3	
0	7	2	1	5	3	
0	0	28	1	8	0	
1	1	1	10	2	4	
0	2	1	2	12	0	
0	4	2	1	8	31	
1260, 0.8014440433212996, 0.6666666666666666, 0.6348314606741573
1261, 0.7996389891696751, 0.6666666666666666, 0.6292134831460674
1262, 0.8465703971119134, 0.6833333333333333, 0.6573033707865169
1263, 0.8249097472924187, 0.6722222222222223, 0.6404494382022472
1264, 0.8483754512635379, 0.6777777777777778, 0.6910112359550562
1265, 0.8068592057761733, 0.6722222222222223, 0.6235955056179775
1266, 0.8483754512635379, 0.6833333333333333, 0.6573033707865169
1267, 0.8465703971119134, 0.6833333333333333, 0.6797752808988764
1268, 0.8447653429602888, 0.6777777777777778, 0.651685393258427
1269, 0.8357400722021661, 0.6833333333333333, 0.651685393258427
1270, 0.8231046931407943, 0.6777777777777778, 0.6460674157303371
1271, 0.8212996389891697, 0.6833333333333333, 0.6685393258426966
1272, 0.8429602888086642, 0.6722222222222223, 0.6685393258426966
1273, 0.8447653429602888, 0.6722222222222223, 0.6741573033707865
1274, 0.8122743682310469, 0.6722222222222223, 0.6179775280898876
1275, 0.8104693140794224, 0.6722222222222223, 0.6179775280898876
1276, 0.8447653429602888, 0.6722222222222223, 0.6685393258426966
1277, 0.8267148014440433, 0.6888888888888889, 0.6853932584269663
1278, 0.8393501805054152, 0.6722222222222223, 0.6910112359550562
1279, 0.8176895306859205, 0.6833333333333333, 0.6966292134831461
30	1	1	0	6	3	
0	6	3	0	5	4	
0	0	28	1	8	0	
1	0	2	11	1	4	
0	2	1	4	9	1	
0	1	3	1	7	34	
1280, 0.8285198555956679, 0.6833333333333333, 0.6629213483146067
1281, 0.8339350180505415, 0.6833333333333333, 0.6797752808988764
1282, 0.8429602888086642, 0.6833333333333333, 0.6797752808988764
1283, 0.8303249097472925, 0.6888888888888889, 0.6853932584269663
1284, 0.8393501805054152, 0.6833333333333333, 0.6741573033707865
1285, 0.8303249097472925, 0.6777777777777778, 0.6797752808988764
1286, 0.8465703971119134, 0.6944444444444444, 0.6910112359550562
1287, 0.8465703971119134, 0.6888888888888889, 0.6741573033707865
1288, 0.8411552346570397, 0.6888888888888889, 0.6910112359550562
1289, 0.8465703971119134, 0.6666666666666666, 0.6741573033707865
1290, 0.8465703971119134, 0.6777777777777778, 0.6853932584269663
1291, 0.8447653429602888, 0.6888888888888889, 0.6910112359550562
1292, 0.855595667870036, 0.7055555555555556, 0.6797752808988764
1293, 0.8537906137184116, 0.7055555555555556, 0.6741573033707865
1294, 0.8501805054151624, 0.6944444444444444, 0.6910112359550562
1295, 0.8411552346570397, 0.7, 0.7078651685393258
1296, 0.8267148014440433, 0.6888888888888889, 0.7134831460674157
1297, 0.8411552346570397, 0.6944444444444444, 0.6910112359550562
1298, 0.8285198555956679, 0.6888888888888889, 0.7078651685393258
1299, 0.8140794223826715, 0.6777777777777778, 0.702247191011236
34	0	0	0	4	3	
0	7	2	1	5	3	
0	0	29	1	7	0	
1	0	1	12	1	4	
1	2	1	5	8	0	
0	1	3	1	7	34	
1300, 0.8447653429602888, 0.7, 0.6966292134831461
1301, 0.8375451263537906, 0.6888888888888889, 0.702247191011236
1302, 0.855595667870036, 0.6888888888888889, 0.6966292134831461
1303, 0.8537906137184116, 0.6833333333333333, 0.6910112359550562
1304, 0.8465703971119134, 0.7055555555555556, 0.6966292134831461
1305, 0.8501805054151624, 0.7055555555555556, 0.6910112359550562
1306, 0.8321299638989169, 0.7111111111111111, 0.702247191011236
1307, 0.8483754512635379, 0.6777777777777778, 0.6853932584269663
1308, 0.8339350180505415, 0.6944444444444444, 0.702247191011236
1309, 0.8501805054151624, 0.7055555555555556, 0.6910112359550562
1310, 0.8122743682310469, 0.6888888888888889, 0.7134831460674157
1311, 0.8411552346570397, 0.6833333333333333, 0.6910112359550562
1312, 0.8303249097472925, 0.6944444444444444, 0.702247191011236
1313, 0.8537906137184116, 0.6944444444444444, 0.7078651685393258
1314, 0.8339350180505415, 0.6944444444444444, 0.6853932584269663
1315, 0.8574007220216606, 0.6888888888888889, 0.7078651685393258
1316, 0.8501805054151624, 0.6944444444444444, 0.7078651685393258
1317, 0.851985559566787, 0.7, 0.6910112359550562
1318, 0.8321299638989169, 0.6888888888888889, 0.7078651685393258
1319, 0.8285198555956679, 0.7055555555555556, 0.7078651685393258
34	0	0	0	4	3	
0	6	4	1	5	2	
0	0	29	2	6	0	
1	0	1	14	1	2	
1	2	1	5	8	0	
0	1	3	1	7	34	
1320, 0.8267148014440433, 0.6888888888888889, 0.702247191011236
1321, 0.8321299638989169, 0.6888888888888889, 0.6910112359550562
1322, 0.8592057761732852, 0.7, 0.6966292134831461
1323, 0.8592057761732852, 0.7166666666666667, 0.6966292134831461
1324, 0.8339350180505415, 0.7, 0.702247191011236
1325, 0.8357400722021661, 0.6944444444444444, 0.6853932584269663
1326, 0.8375451263537906, 0.7, 0.6910112359550562
1327, 0.8393501805054152, 0.6888888888888889, 0.6910112359550562
1328, 0.8465703971119134, 0.6944444444444444, 0.6910112359550562
1329, 0.8411552346570397, 0.7, 0.6966292134831461
1330, 0.8465703971119134, 0.7, 0.6797752808988764
1331, 0.8537906137184116, 0.7111111111111111, 0.7078651685393258
1332, 0.8393501805054152, 0.7, 0.6910112359550562
1333, 0.8321299638989169, 0.7111111111111111, 0.6853932584269663
1334, 0.8357400722021661, 0.7, 0.6966292134831461
1335, 0.8447653429602888, 0.7055555555555556, 0.6853932584269663
1336, 0.8501805054151624, 0.7055555555555556, 0.6853932584269663
1337, 0.8393501805054152, 0.7055555555555556, 0.702247191011236
1338, 0.8537906137184116, 0.7222222222222222, 0.6966292134831461
1339, 0.8465703971119134, 0.7055555555555556, 0.6853932584269663
35	0	0	0	3	3	
0	7	2	0	5	4	
0	1	26	1	9	0	
2	1	0	11	1	4	
1	2	0	4	10	0	
1	2	1	1	7	34	
1340, 0.8592057761732852, 0.7055555555555556, 0.6910112359550562
1341, 0.8537906137184116, 0.7222222222222222, 0.6910112359550562
1342, 0.855595667870036, 0.7222222222222222, 0.6910112359550562
1343, 0.8465703971119134, 0.7055555555555556, 0.6910112359550562
1344, 0.8357400722021661, 0.7166666666666667, 0.702247191011236
1345, 0.851985559566787, 0.7111111111111111, 0.6853932584269663
1346, 0.8303249097472925, 0.7166666666666667, 0.7134831460674157
1347, 0.8501805054151624, 0.6944444444444444, 0.6853932584269663
1348, 0.8447653429602888, 0.7166666666666667, 0.7247191011235955
1349, 0.8628158844765343, 0.7277777777777777, 0.6910112359550562
1350, 0.8357400722021661, 0.7055555555555556, 0.7247191011235955
1351, 0.8483754512635379, 0.7166666666666667, 0.7078651685393258
