0, 0.26353790613718414, 0.2611111111111111, 0.25842696629213485
1, 0.26353790613718414, 0.2611111111111111, 0.25842696629213485
2, 0.26353790613718414, 0.2611111111111111, 0.25842696629213485
3, 0.26353790613718414, 0.2611111111111111, 0.25842696629213485
4, 0.26353790613718414, 0.2611111111111111, 0.25842696629213485
5, 0.26353790613718414, 0.2611111111111111, 0.25842696629213485
6, 0.26353790613718414, 0.2611111111111111, 0.25842696629213485
7, 0.26353790613718414, 0.2611111111111111, 0.25842696629213485
8, 0.26353790613718414, 0.2611111111111111, 0.25842696629213485
9, 0.26353790613718414, 0.2611111111111111, 0.25842696629213485
10, 0.26353790613718414, 0.2611111111111111, 0.25842696629213485
11, 0.26353790613718414, 0.2611111111111111, 0.25842696629213485
12, 0.26353790613718414, 0.2611111111111111, 0.25842696629213485
13, 0.26353790613718414, 0.2611111111111111, 0.25842696629213485
14, 0.26353790613718414, 0.2611111111111111, 0.25842696629213485
15, 0.26353790613718414, 0.2611111111111111, 0.25842696629213485
16, 0.26353790613718414, 0.2611111111111111, 0.25842696629213485
17, 0.26353790613718414, 0.2611111111111111, 0.25842696629213485
18, 0.26353790613718414, 0.2611111111111111, 0.25842696629213485
19, 0.26353790613718414, 0.2611111111111111, 0.25842696629213485
0	0	0	0	0	41	
0	0	0	0	0	18	
0	0	0	0	0	37	
0	0	0	0	0	19	
0	0	0	0	0	17	
0	0	0	0	0	46	
20, 0.26353790613718414, 0.2611111111111111, 0.25842696629213485
21, 0.26353790613718414, 0.2611111111111111, 0.25842696629213485
22, 0.26353790613718414, 0.2611111111111111, 0.25842696629213485
23, 0.26353790613718414, 0.2611111111111111, 0.25842696629213485
24, 0.26353790613718414, 0.2611111111111111, 0.25842696629213485
25, 0.26353790613718414, 0.2611111111111111, 0.25842696629213485
26, 0.26353790613718414, 0.2611111111111111, 0.25842696629213485
27, 0.26353790613718414, 0.2611111111111111, 0.25842696629213485
28, 0.26353790613718414, 0.2611111111111111, 0.25842696629213485
29, 0.26353790613718414, 0.2611111111111111, 0.25842696629213485
30, 0.26353790613718414, 0.2611111111111111, 0.25842696629213485
31, 0.26353790613718414, 0.2611111111111111, 0.25842696629213485
32, 0.26353790613718414, 0.2611111111111111, 0.25842696629213485
33, 0.26353790613718414, 0.2611111111111111, 0.25842696629213485
34, 0.26353790613718414, 0.2611111111111111, 0.25842696629213485
35, 0.26353790613718414, 0.2611111111111111, 0.25842696629213485
36, 0.26353790613718414, 0.2611111111111111, 0.25842696629213485
37, 0.26353790613718414, 0.2611111111111111, 0.25842696629213485
38, 0.26353790613718414, 0.2611111111111111, 0.25842696629213485
39, 0.26353790613718414, 0.2611111111111111, 0.25842696629213485
0	0	0	0	0	41	
0	0	0	0	0	18	
0	0	0	0	0	37	
0	0	0	0	0	19	
0	0	0	0	0	17	
0	0	0	0	0	46	
40, 0.26353790613718414, 0.2611111111111111, 0.25842696629213485
41, 0.26353790613718414, 0.2611111111111111, 0.25842696629213485
42, 0.26353790613718414, 0.2611111111111111, 0.25842696629213485
43, 0.26353790613718414, 0.2611111111111111, 0.25842696629213485
44, 0.26353790613718414, 0.2611111111111111, 0.25842696629213485
45, 0.26353790613718414, 0.2611111111111111, 0.25842696629213485
46, 0.26353790613718414, 0.2611111111111111, 0.25842696629213485
47, 0.26353790613718414, 0.2611111111111111, 0.25842696629213485
48, 0.26353790613718414, 0.2611111111111111, 0.25842696629213485
49, 0.26353790613718414, 0.2611111111111111, 0.25842696629213485
50, 0.26353790613718414, 0.2611111111111111, 0.25842696629213485
51, 0.26353790613718414, 0.2611111111111111, 0.25842696629213485
52, 0.26353790613718414, 0.2611111111111111, 0.25842696629213485
53, 0.26353790613718414, 0.2611111111111111, 0.25842696629213485
54, 0.26353790613718414, 0.2611111111111111, 0.25842696629213485
55, 0.26353790613718414, 0.2611111111111111, 0.25842696629213485
56, 0.26353790613718414, 0.2611111111111111, 0.25842696629213485
57, 0.26353790613718414, 0.2611111111111111, 0.25842696629213485
58, 0.26353790613718414, 0.2611111111111111, 0.25842696629213485
59, 0.26353790613718414, 0.2611111111111111, 0.25842696629213485
0	0	0	0	0	41	
0	0	0	0	0	18	
0	0	0	0	0	37	
0	0	0	0	0	19	
0	0	0	0	0	17	
0	0	0	0	0	46	
60, 0.26353790613718414, 0.2611111111111111, 0.25842696629213485
61, 0.26353790613718414, 0.2611111111111111, 0.25842696629213485
62, 0.26353790613718414, 0.2611111111111111, 0.25842696629213485
63, 0.26353790613718414, 0.2611111111111111, 0.25842696629213485
64, 0.26353790613718414, 0.2611111111111111, 0.25842696629213485
65, 0.26353790613718414, 0.2611111111111111, 0.25842696629213485
66, 0.26353790613718414, 0.2611111111111111, 0.25842696629213485
67, 0.26353790613718414, 0.2611111111111111, 0.25842696629213485
68, 0.26353790613718414, 0.2611111111111111, 0.25842696629213485
69, 0.26353790613718414, 0.2611111111111111, 0.25842696629213485
70, 0.26353790613718414, 0.2611111111111111, 0.25842696629213485
71, 0.26353790613718414, 0.2611111111111111, 0.25842696629213485
72, 0.26353790613718414, 0.2611111111111111, 0.25842696629213485
73, 0.26353790613718414, 0.2611111111111111, 0.25842696629213485
74, 0.26353790613718414, 0.2611111111111111, 0.25842696629213485
75, 0.26353790613718414, 0.2611111111111111, 0.25842696629213485
76, 0.26353790613718414, 0.2611111111111111, 0.25842696629213485
77, 0.26353790613718414, 0.2611111111111111, 0.25842696629213485
78, 0.26353790613718414, 0.2611111111111111, 0.25842696629213485
79, 0.26353790613718414, 0.2611111111111111, 0.25842696629213485
0	0	0	0	0	41	
0	0	0	0	0	18	
0	0	0	0	0	37	
0	0	0	0	0	19	
0	0	0	0	0	17	
0	0	0	0	0	46	
80, 0.26353790613718414, 0.2611111111111111, 0.25842696629213485
81, 0.26353790613718414, 0.2611111111111111, 0.25842696629213485
82, 0.26353790613718414, 0.2611111111111111, 0.25842696629213485
83, 0.26353790613718414, 0.2611111111111111, 0.25842696629213485
84, 0.26353790613718414, 0.2611111111111111, 0.25842696629213485
85, 0.26353790613718414, 0.2611111111111111, 0.25842696629213485
86, 0.26353790613718414, 0.2611111111111111, 0.25842696629213485
87, 0.26353790613718414, 0.2611111111111111, 0.25842696629213485
88, 0.26353790613718414, 0.2611111111111111, 0.25842696629213485
89, 0.26353790613718414, 0.2611111111111111, 0.25842696629213485
90, 0.26353790613718414, 0.2611111111111111, 0.25842696629213485
91, 0.26353790613718414, 0.2611111111111111, 0.25842696629213485
92, 0.26353790613718414, 0.2611111111111111, 0.25842696629213485
93, 0.26353790613718414, 0.2611111111111111, 0.25842696629213485
94, 0.26353790613718414, 0.2611111111111111, 0.25842696629213485
95, 0.26353790613718414, 0.2611111111111111, 0.25842696629213485
96, 0.26353790613718414, 0.2611111111111111, 0.25842696629213485
97, 0.26353790613718414, 0.2611111111111111, 0.25842696629213485
98, 0.26353790613718414, 0.2611111111111111, 0.25842696629213485
99, 0.26353790613718414, 0.2611111111111111, 0.25842696629213485
0	0	0	0	0	41	
0	0	0	0	0	18	
0	0	0	0	0	37	
0	0	0	0	0	19	
0	0	0	0	0	17	
0	0	0	0	0	46	
100, 0.26353790613718414, 0.2611111111111111, 0.25842696629213485
101, 0.26353790613718414, 0.2611111111111111, 0.25842696629213485
102, 0.26353790613718414, 0.2611111111111111, 0.25842696629213485
103, 0.26353790613718414, 0.2611111111111111, 0.25842696629213485
104, 0.26353790613718414, 0.2611111111111111, 0.25842696629213485
105, 0.26353790613718414, 0.2611111111111111, 0.25842696629213485
106, 0.26353790613718414, 0.2611111111111111, 0.25842696629213485
107, 0.26353790613718414, 0.2611111111111111, 0.25842696629213485
108, 0.26353790613718414, 0.2611111111111111, 0.25842696629213485
109, 0.26353790613718414, 0.2611111111111111, 0.25842696629213485
110, 0.26353790613718414, 0.2611111111111111, 0.25842696629213485
111, 0.26353790613718414, 0.2611111111111111, 0.25842696629213485
112, 0.26353790613718414, 0.2611111111111111, 0.25842696629213485
113, 0.26353790613718414, 0.2611111111111111, 0.25842696629213485
114, 0.26353790613718414, 0.2611111111111111, 0.25842696629213485
115, 0.26353790613718414, 0.2611111111111111, 0.25842696629213485
116, 0.26353790613718414, 0.2611111111111111, 0.25842696629213485
117, 0.26353790613718414, 0.2611111111111111, 0.25842696629213485
118, 0.26353790613718414, 0.2611111111111111, 0.25842696629213485
119, 0.26353790613718414, 0.2611111111111111, 0.25842696629213485
0	0	0	0	0	41	
0	0	0	0	0	18	
0	0	0	0	0	37	
0	0	0	0	0	19	
0	0	0	0	0	17	
0	0	0	0	0	46	
120, 0.26353790613718414, 0.2611111111111111, 0.25842696629213485
121, 0.26353790613718414, 0.2611111111111111, 0.25842696629213485
122, 0.26353790613718414, 0.2611111111111111, 0.25842696629213485
123, 0.26353790613718414, 0.2611111111111111, 0.25842696629213485
124, 0.26353790613718414, 0.2611111111111111, 0.25842696629213485
125, 0.26353790613718414, 0.2611111111111111, 0.25842696629213485
126, 0.26353790613718414, 0.2611111111111111, 0.25842696629213485
127, 0.26353790613718414, 0.2611111111111111, 0.25842696629213485
128, 0.26353790613718414, 0.2611111111111111, 0.25842696629213485
129, 0.26353790613718414, 0.2611111111111111, 0.25842696629213485
130, 0.26353790613718414, 0.2611111111111111, 0.25842696629213485
131, 0.26353790613718414, 0.2611111111111111, 0.25842696629213485
132, 0.26353790613718414, 0.2611111111111111, 0.25842696629213485
133, 0.26353790613718414, 0.2611111111111111, 0.25842696629213485
134, 0.26353790613718414, 0.2611111111111111, 0.25842696629213485
135, 0.26353790613718414, 0.2611111111111111, 0.25842696629213485
136, 0.26353790613718414, 0.2611111111111111, 0.25842696629213485
137, 0.26353790613718414, 0.2611111111111111, 0.25842696629213485
138, 0.26353790613718414, 0.2611111111111111, 0.25842696629213485
139, 0.26353790613718414, 0.2611111111111111, 0.25842696629213485
0	0	0	0	0	41	
0	0	0	0	0	18	
0	0	0	0	0	37	
0	0	0	0	0	19	
0	0	0	0	0	17	
0	0	0	0	0	46	
140, 0.26353790613718414, 0.2611111111111111, 0.25842696629213485
141, 0.26353790613718414, 0.2611111111111111, 0.25842696629213485
142, 0.26353790613718414, 0.2611111111111111, 0.25842696629213485
143, 0.26353790613718414, 0.2611111111111111, 0.25842696629213485
144, 0.26353790613718414, 0.2611111111111111, 0.25842696629213485
145, 0.26353790613718414, 0.2611111111111111, 0.25842696629213485
146, 0.26353790613718414, 0.2611111111111111, 0.25842696629213485
147, 0.26353790613718414, 0.2611111111111111, 0.25842696629213485
148, 0.26353790613718414, 0.2611111111111111, 0.25842696629213485
149, 0.26353790613718414, 0.2611111111111111, 0.25842696629213485
150, 0.26353790613718414, 0.2611111111111111, 0.25842696629213485
151, 0.26353790613718414, 0.2611111111111111, 0.25842696629213485
152, 0.26353790613718414, 0.2611111111111111, 0.25842696629213485
153, 0.26353790613718414, 0.2611111111111111, 0.25842696629213485
154, 0.26353790613718414, 0.2611111111111111, 0.25842696629213485
155, 0.26353790613718414, 0.2611111111111111, 0.25842696629213485
156, 0.26353790613718414, 0.2611111111111111, 0.25842696629213485
157, 0.26353790613718414, 0.2611111111111111, 0.25842696629213485
158, 0.26353790613718414, 0.2611111111111111, 0.25842696629213485
159, 0.26353790613718414, 0.2611111111111111, 0.25842696629213485
0	0	0	0	0	41	
0	0	0	0	0	18	
0	0	0	0	0	37	
0	0	0	0	0	19	
0	0	0	0	0	17	
0	0	0	0	0	46	
160, 0.26353790613718414, 0.2611111111111111, 0.25842696629213485
161, 0.26353790613718414, 0.2611111111111111, 0.25842696629213485
162, 0.26353790613718414, 0.2611111111111111, 0.25842696629213485
163, 0.26353790613718414, 0.2611111111111111, 0.25842696629213485
164, 0.26353790613718414, 0.2611111111111111, 0.25842696629213485
165, 0.26353790613718414, 0.2611111111111111, 0.25842696629213485
166, 0.26353790613718414, 0.2611111111111111, 0.25842696629213485
167, 0.26353790613718414, 0.2611111111111111, 0.25842696629213485
168, 0.26353790613718414, 0.2611111111111111, 0.25842696629213485
169, 0.26353790613718414, 0.2611111111111111, 0.25842696629213485
170, 0.26353790613718414, 0.2611111111111111, 0.25842696629213485
171, 0.26353790613718414, 0.2611111111111111, 0.25842696629213485
172, 0.26353790613718414, 0.2611111111111111, 0.25842696629213485
173, 0.26353790613718414, 0.2611111111111111, 0.25842696629213485
174, 0.26353790613718414, 0.2611111111111111, 0.25842696629213485
175, 0.26353790613718414, 0.2611111111111111, 0.25842696629213485
176, 0.26353790613718414, 0.2611111111111111, 0.25842696629213485
177, 0.26353790613718414, 0.2611111111111111, 0.25842696629213485
178, 0.26353790613718414, 0.2611111111111111, 0.25842696629213485
179, 0.26353790613718414, 0.2611111111111111, 0.25842696629213485
0	0	0	0	0	41	
0	0	0	0	0	18	
0	0	0	0	0	37	
0	0	0	0	0	19	
0	0	0	0	0	17	
0	0	0	0	0	46	
180, 0.26353790613718414, 0.2611111111111111, 0.25842696629213485
181, 0.26353790613718414, 0.2611111111111111, 0.25842696629213485
182, 0.26353790613718414, 0.2611111111111111, 0.25842696629213485
183, 0.26353790613718414, 0.2611111111111111, 0.25842696629213485
184, 0.26353790613718414, 0.2611111111111111, 0.25842696629213485
185, 0.26353790613718414, 0.2611111111111111, 0.25842696629213485
186, 0.26353790613718414, 0.2611111111111111, 0.25842696629213485
187, 0.26353790613718414, 0.2611111111111111, 0.25842696629213485
188, 0.26353790613718414, 0.2611111111111111, 0.25842696629213485
189, 0.26353790613718414, 0.2611111111111111, 0.25842696629213485
190, 0.26353790613718414, 0.2611111111111111, 0.25842696629213485
191, 0.26353790613718414, 0.2611111111111111, 0.25842696629213485
192, 0.26353790613718414, 0.2611111111111111, 0.25842696629213485
193, 0.26353790613718414, 0.2611111111111111, 0.25842696629213485
194, 0.26353790613718414, 0.2611111111111111, 0.25842696629213485
195, 0.26353790613718414, 0.2611111111111111, 0.25842696629213485
196, 0.26353790613718414, 0.2611111111111111, 0.25842696629213485
197, 0.26353790613718414, 0.2611111111111111, 0.25842696629213485
198, 0.26353790613718414, 0.2611111111111111, 0.25842696629213485
199, 0.26353790613718414, 0.2611111111111111, 0.25842696629213485
0	0	0	0	0	41	
0	0	0	0	0	18	
0	0	0	0	0	37	
0	0	0	0	0	19	
0	0	0	0	0	17	
0	0	0	0	0	46	
200, 0.26353790613718414, 0.2611111111111111, 0.25842696629213485
201, 0.26353790613718414, 0.2611111111111111, 0.25842696629213485
202, 0.26353790613718414, 0.2611111111111111, 0.25842696629213485
203, 0.26353790613718414, 0.2611111111111111, 0.25842696629213485
204, 0.26353790613718414, 0.2611111111111111, 0.25842696629213485
205, 0.26353790613718414, 0.2611111111111111, 0.25842696629213485
206, 0.26353790613718414, 0.2611111111111111, 0.25842696629213485
207, 0.26353790613718414, 0.2611111111111111, 0.25842696629213485
208, 0.26353790613718414, 0.2611111111111111, 0.25842696629213485
209, 0.26353790613718414, 0.2611111111111111, 0.25842696629213485
210, 0.26353790613718414, 0.2611111111111111, 0.25842696629213485
211, 0.26353790613718414, 0.2611111111111111, 0.25842696629213485
212, 0.26353790613718414, 0.2611111111111111, 0.25842696629213485
213, 0.26353790613718414, 0.2611111111111111, 0.25842696629213485
214, 0.26353790613718414, 0.2611111111111111, 0.25842696629213485
215, 0.26353790613718414, 0.2611111111111111, 0.25842696629213485
216, 0.26353790613718414, 0.2611111111111111, 0.25842696629213485
217, 0.26353790613718414, 0.2611111111111111, 0.25842696629213485
218, 0.26353790613718414, 0.2611111111111111, 0.25842696629213485
219, 0.26353790613718414, 0.2611111111111111, 0.25842696629213485
0	0	0	0	0	41	
0	0	0	0	0	18	
0	0	0	0	0	37	
0	0	0	0	0	19	
0	0	0	0	0	17	
0	0	0	0	0	46	
220, 0.26353790613718414, 0.2611111111111111, 0.25842696629213485
221, 0.26353790613718414, 0.2611111111111111, 0.25842696629213485
222, 0.26353790613718414, 0.2611111111111111, 0.25842696629213485
223, 0.26353790613718414, 0.2611111111111111, 0.25842696629213485
224, 0.26353790613718414, 0.2611111111111111, 0.25842696629213485
225, 0.26353790613718414, 0.2611111111111111, 0.25842696629213485
226, 0.26353790613718414, 0.2611111111111111, 0.25842696629213485
227, 0.26353790613718414, 0.2611111111111111, 0.25842696629213485
228, 0.26353790613718414, 0.2611111111111111, 0.25842696629213485
229, 0.26353790613718414, 0.2611111111111111, 0.25842696629213485
230, 0.26353790613718414, 0.2611111111111111, 0.25842696629213485
231, 0.26353790613718414, 0.2611111111111111, 0.25842696629213485
232, 0.26353790613718414, 0.2611111111111111, 0.25842696629213485
233, 0.26353790613718414, 0.2611111111111111, 0.25842696629213485
234, 0.26353790613718414, 0.2611111111111111, 0.25842696629213485
235, 0.26353790613718414, 0.2611111111111111, 0.25842696629213485
236, 0.26353790613718414, 0.2611111111111111, 0.25842696629213485
237, 0.26353790613718414, 0.2611111111111111, 0.25842696629213485
238, 0.26353790613718414, 0.2611111111111111, 0.25842696629213485
239, 0.26353790613718414, 0.2611111111111111, 0.25842696629213485
0	0	0	0	0	41	
0	0	0	0	0	18	
0	0	0	0	0	37	
0	0	0	0	0	19	
0	0	0	0	0	17	
0	0	0	0	0	46	
240, 0.26353790613718414, 0.2611111111111111, 0.25842696629213485
241, 0.26353790613718414, 0.2611111111111111, 0.25842696629213485
242, 0.26353790613718414, 0.2611111111111111, 0.25842696629213485
243, 0.26353790613718414, 0.2611111111111111, 0.25842696629213485
244, 0.26353790613718414, 0.2611111111111111, 0.25842696629213485
245, 0.26353790613718414, 0.2611111111111111, 0.25842696629213485
246, 0.26353790613718414, 0.2611111111111111, 0.25842696629213485
247, 0.26353790613718414, 0.2611111111111111, 0.25842696629213485
248, 0.26353790613718414, 0.2611111111111111, 0.25842696629213485
249, 0.26353790613718414, 0.2611111111111111, 0.25842696629213485
250, 0.26353790613718414, 0.2611111111111111, 0.25842696629213485
251, 0.26353790613718414, 0.2611111111111111, 0.25842696629213485
252, 0.26353790613718414, 0.2611111111111111, 0.25842696629213485
253, 0.26353790613718414, 0.2611111111111111, 0.25842696629213485
254, 0.26353790613718414, 0.2611111111111111, 0.25842696629213485
255, 0.26353790613718414, 0.2611111111111111, 0.25842696629213485
256, 0.26353790613718414, 0.2611111111111111, 0.25842696629213485
257, 0.26353790613718414, 0.2611111111111111, 0.25842696629213485
258, 0.26353790613718414, 0.2611111111111111, 0.25842696629213485
259, 0.26353790613718414, 0.2611111111111111, 0.25842696629213485
0	0	0	0	0	41	
0	0	0	0	0	18	
0	0	0	0	0	37	
0	0	0	0	0	19	
0	0	0	0	0	17	
0	0	0	0	0	46	
260, 0.26353790613718414, 0.2611111111111111, 0.25842696629213485
261, 0.26353790613718414, 0.2611111111111111, 0.25842696629213485
262, 0.26353790613718414, 0.2611111111111111, 0.25842696629213485
263, 0.26353790613718414, 0.2611111111111111, 0.25842696629213485
264, 0.26353790613718414, 0.2611111111111111, 0.25842696629213485
265, 0.26353790613718414, 0.2611111111111111, 0.25842696629213485
266, 0.26353790613718414, 0.2611111111111111, 0.25842696629213485
267, 0.26353790613718414, 0.2611111111111111, 0.25842696629213485
268, 0.26353790613718414, 0.2611111111111111, 0.25842696629213485
269, 0.26353790613718414, 0.2611111111111111, 0.25842696629213485
270, 0.26353790613718414, 0.2611111111111111, 0.25842696629213485
271, 0.26353790613718414, 0.2611111111111111, 0.25842696629213485
272, 0.26353790613718414, 0.2611111111111111, 0.25842696629213485
273, 0.26353790613718414, 0.2611111111111111, 0.25842696629213485
274, 0.26353790613718414, 0.2611111111111111, 0.25842696629213485
275, 0.26353790613718414, 0.2611111111111111, 0.25842696629213485
276, 0.26353790613718414, 0.2611111111111111, 0.25842696629213485
277, 0.26353790613718414, 0.2611111111111111, 0.25842696629213485
278, 0.26353790613718414, 0.2611111111111111, 0.25842696629213485
279, 0.26353790613718414, 0.2611111111111111, 0.25842696629213485
0	0	0	0	0	41	
0	0	0	0	0	18	
0	0	0	0	0	37	
0	0	0	0	0	19	
0	0	0	0	0	17	
0	0	0	0	0	46	
280, 0.26353790613718414, 0.2611111111111111, 0.25842696629213485
281, 0.26353790613718414, 0.2611111111111111, 0.25842696629213485
282, 0.26353790613718414, 0.2611111111111111, 0.25842696629213485
283, 0.26353790613718414, 0.2611111111111111, 0.25842696629213485
284, 0.26353790613718414, 0.2611111111111111, 0.25842696629213485
285, 0.26353790613718414, 0.2611111111111111, 0.25842696629213485
286, 0.26353790613718414, 0.2611111111111111, 0.25842696629213485
287, 0.26353790613718414, 0.2611111111111111, 0.25842696629213485
288, 0.26353790613718414, 0.2611111111111111, 0.25842696629213485
289, 0.26353790613718414, 0.2611111111111111, 0.25842696629213485
290, 0.26353790613718414, 0.2611111111111111, 0.25842696629213485
291, 0.26353790613718414, 0.2611111111111111, 0.25842696629213485
292, 0.26353790613718414, 0.2611111111111111, 0.25842696629213485
293, 0.26353790613718414, 0.2611111111111111, 0.25842696629213485
294, 0.26353790613718414, 0.2611111111111111, 0.25842696629213485
295, 0.26353790613718414, 0.2611111111111111, 0.25842696629213485
296, 0.26353790613718414, 0.2611111111111111, 0.25842696629213485
297, 0.26353790613718414, 0.2611111111111111, 0.25842696629213485
298, 0.26353790613718414, 0.2611111111111111, 0.25842696629213485
299, 0.26353790613718414, 0.2611111111111111, 0.25842696629213485
0	0	0	0	0	41	
0	0	0	0	0	18	
0	0	0	0	0	37	
0	0	0	0	0	19	
0	0	0	0	0	17	
0	0	0	0	0	46	
300, 0.26353790613718414, 0.2611111111111111, 0.25842696629213485
301, 0.26353790613718414, 0.2611111111111111, 0.25842696629213485
302, 0.26353790613718414, 0.2611111111111111, 0.25842696629213485
303, 0.26353790613718414, 0.2611111111111111, 0.25842696629213485
304, 0.26353790613718414, 0.2611111111111111, 0.25842696629213485
305, 0.26353790613718414, 0.2611111111111111, 0.25842696629213485
306, 0.26353790613718414, 0.2611111111111111, 0.25842696629213485
307, 0.26353790613718414, 0.2611111111111111, 0.25842696629213485
308, 0.26353790613718414, 0.2611111111111111, 0.25842696629213485
309, 0.26353790613718414, 0.2611111111111111, 0.25842696629213485
310, 0.26353790613718414, 0.2611111111111111, 0.25842696629213485
311, 0.26353790613718414, 0.2611111111111111, 0.25842696629213485
312, 0.26353790613718414, 0.2611111111111111, 0.25842696629213485
313, 0.26353790613718414, 0.2611111111111111, 0.25842696629213485
314, 0.26353790613718414, 0.2611111111111111, 0.25842696629213485
315, 0.26353790613718414, 0.2611111111111111, 0.25842696629213485
316, 0.26353790613718414, 0.2611111111111111, 0.25842696629213485
317, 0.26353790613718414, 0.2611111111111111, 0.25842696629213485
318, 0.26353790613718414, 0.2611111111111111, 0.25842696629213485
319, 0.26353790613718414, 0.2611111111111111, 0.25842696629213485
0	0	0	0	0	41	
0	0	0	0	0	18	
0	0	0	0	0	37	
0	0	0	0	0	19	
0	0	0	0	0	17	
0	0	0	0	0	46	
320, 0.26353790613718414, 0.2611111111111111, 0.25842696629213485
321, 0.26353790613718414, 0.2611111111111111, 0.25842696629213485
322, 0.26353790613718414, 0.2611111111111111, 0.25842696629213485
323, 0.26353790613718414, 0.2611111111111111, 0.25842696629213485
324, 0.26353790613718414, 0.2611111111111111, 0.25842696629213485
325, 0.26353790613718414, 0.2611111111111111, 0.25842696629213485
326, 0.26353790613718414, 0.2611111111111111, 0.25842696629213485
327, 0.26353790613718414, 0.2611111111111111, 0.25842696629213485
328, 0.26353790613718414, 0.2611111111111111, 0.25842696629213485
329, 0.26353790613718414, 0.2611111111111111, 0.25842696629213485
330, 0.26353790613718414, 0.2611111111111111, 0.25842696629213485
331, 0.26353790613718414, 0.2611111111111111, 0.25842696629213485
332, 0.26353790613718414, 0.2611111111111111, 0.25842696629213485
333, 0.26353790613718414, 0.2611111111111111, 0.25842696629213485
334, 0.26353790613718414, 0.2611111111111111, 0.25842696629213485
335, 0.26353790613718414, 0.2611111111111111, 0.25842696629213485
336, 0.26353790613718414, 0.2611111111111111, 0.25842696629213485
337, 0.26353790613718414, 0.2611111111111111, 0.25842696629213485
338, 0.26353790613718414, 0.2611111111111111, 0.25842696629213485
339, 0.26353790613718414, 0.2611111111111111, 0.25842696629213485
0	0	0	0	0	41	
0	0	0	0	0	18	
0	0	0	0	0	37	
0	0	0	0	0	19	
0	0	0	0	0	17	
0	0	0	0	0	46	
340, 0.26353790613718414, 0.2611111111111111, 0.25842696629213485
341, 0.26353790613718414, 0.2611111111111111, 0.25842696629213485
342, 0.26353790613718414, 0.2611111111111111, 0.25842696629213485
343, 0.26353790613718414, 0.2611111111111111, 0.25842696629213485
344, 0.26353790613718414, 0.2611111111111111, 0.25842696629213485
345, 0.26353790613718414, 0.2611111111111111, 0.25842696629213485
346, 0.26353790613718414, 0.2611111111111111, 0.25842696629213485
347, 0.26353790613718414, 0.2611111111111111, 0.25842696629213485
348, 0.26353790613718414, 0.2611111111111111, 0.25842696629213485
349, 0.26353790613718414, 0.2611111111111111, 0.25842696629213485
350, 0.26353790613718414, 0.2611111111111111, 0.25842696629213485
351, 0.26353790613718414, 0.2611111111111111, 0.25842696629213485
352, 0.26353790613718414, 0.2611111111111111, 0.25842696629213485
353, 0.26353790613718414, 0.2611111111111111, 0.25842696629213485
354, 0.26353790613718414, 0.2611111111111111, 0.25842696629213485
355, 0.26353790613718414, 0.2611111111111111, 0.25842696629213485
356, 0.26353790613718414, 0.2611111111111111, 0.25842696629213485
357, 0.26353790613718414, 0.2611111111111111, 0.25842696629213485
358, 0.26353790613718414, 0.2611111111111111, 0.25842696629213485
359, 0.26353790613718414, 0.2611111111111111, 0.25842696629213485
0	0	0	0	0	41	
0	0	0	0	0	18	
0	0	0	0	0	37	
0	0	0	0	0	19	
0	0	0	0	0	17	
0	0	0	0	0	46	
360, 0.26353790613718414, 0.2611111111111111, 0.25842696629213485
361, 0.26353790613718414, 0.2611111111111111, 0.25842696629213485
362, 0.26353790613718414, 0.2611111111111111, 0.25842696629213485
363, 0.26353790613718414, 0.2611111111111111, 0.25842696629213485
364, 0.26353790613718414, 0.2611111111111111, 0.25842696629213485
365, 0.26353790613718414, 0.2611111111111111, 0.25842696629213485
366, 0.26353790613718414, 0.2611111111111111, 0.25842696629213485
367, 0.26353790613718414, 0.2611111111111111, 0.25842696629213485
368, 0.26353790613718414, 0.2611111111111111, 0.25842696629213485
369, 0.26353790613718414, 0.2611111111111111, 0.25842696629213485
370, 0.26353790613718414, 0.2611111111111111, 0.25842696629213485
371, 0.26353790613718414, 0.2611111111111111, 0.25842696629213485
372, 0.26353790613718414, 0.2611111111111111, 0.25842696629213485
373, 0.26353790613718414, 0.2611111111111111, 0.25842696629213485
374, 0.5018050541516246, 0.5, 0.5056179775280899
375, 0.5090252707581228, 0.5, 0.5056179775280899
376, 0.5090252707581228, 0.5, 0.5056179775280899
377, 0.5126353790613718, 0.49444444444444446, 0.5056179775280899
378, 0.516245487364621, 0.5, 0.5056179775280899
379, 0.5144404332129964, 0.5055555555555555, 0.5056179775280899
29	0	5	0	0	7	
0	0	11	0	0	7	
0	0	34	0	0	3	
0	0	7	6	0	6	
0	0	13	0	0	4	
0	0	24	0	0	22	
380, 0.5180505415162455, 0.5055555555555555, 0.5112359550561798
381, 0.5180505415162455, 0.5055555555555555, 0.5112359550561798
382, 0.5180505415162455, 0.5, 0.5112359550561798
383, 0.5216606498194946, 0.5, 0.5112359550561798
384, 0.5216606498194946, 0.5, 0.5168539325842697
385, 0.5234657039711191, 0.5, 0.5168539325842697
386, 0.5234657039711191, 0.5, 0.5224719101123596
387, 0.5216606498194946, 0.5, 0.5280898876404494
388, 0.5216606498194946, 0.5, 0.5224719101123596
389, 0.5234657039711191, 0.5055555555555555, 0.5224719101123596
390, 0.5234657039711191, 0.5055555555555555, 0.5224719101123596
391, 0.5252707581227437, 0.5055555555555555, 0.5224719101123596
392, 0.5234657039711191, 0.5111111111111111, 0.5224719101123596
393, 0.5234657039711191, 0.5111111111111111, 0.5168539325842697
394, 0.5234657039711191, 0.5055555555555555, 0.5112359550561798
395, 0.5234657039711191, 0.5055555555555555, 0.5112359550561798
396, 0.5252707581227437, 0.5055555555555555, 0.5112359550561798
397, 0.5234657039711191, 0.5055555555555555, 0.5112359550561798
398, 0.5252707581227437, 0.5055555555555555, 0.5112359550561798
399, 0.5252707581227437, 0.5055555555555555, 0.5112359550561798
27	0	7	0	0	7	
0	0	11	0	0	7	
0	0	33	0	0	4	
0	0	7	4	0	8	
0	0	12	0	0	5	
0	0	19	0	0	27	
400, 0.5288808664259927, 0.5055555555555555, 0.5112359550561798
401, 0.5306859205776173, 0.5055555555555555, 0.5112359550561798
402, 0.5306859205776173, 0.5055555555555555, 0.5168539325842697
403, 0.5288808664259927, 0.5055555555555555, 0.5168539325842697
404, 0.5288808664259927, 0.5055555555555555, 0.5168539325842697
405, 0.5306859205776173, 0.5055555555555555, 0.5168539325842697
406, 0.5324909747292419, 0.5055555555555555, 0.5168539325842697
407, 0.5342960288808665, 0.5055555555555555, 0.5168539325842697
408, 0.5342960288808665, 0.5055555555555555, 0.5168539325842697
409, 0.5361010830324909, 0.5055555555555555, 0.5168539325842697
410, 0.5379061371841155, 0.5055555555555555, 0.5168539325842697
411, 0.5397111913357401, 0.5222222222222223, 0.5168539325842697
412, 0.5433212996389891, 0.5277777777777778, 0.5224719101123596
413, 0.5451263537906137, 0.5277777777777778, 0.5224719101123596
414, 0.5451263537906137, 0.5277777777777778, 0.5224719101123596
415, 0.5487364620938628, 0.5277777777777778, 0.5224719101123596
416, 0.5505415162454874, 0.5277777777777778, 0.5224719101123596
417, 0.5523465703971119, 0.5333333333333333, 0.5224719101123596
418, 0.555956678700361, 0.5277777777777778, 0.5224719101123596
419, 0.5577617328519856, 0.5333333333333333, 0.5224719101123596
28	0	6	0	0	7	
0	0	11	0	0	7	
0	0	33	0	0	4	
0	0	6	4	0	9	
0	0	12	0	0	5	
0	0	18	0	0	28	
420, 0.5613718411552346, 0.5333333333333333, 0.5224719101123596
421, 0.5613718411552346, 0.5333333333333333, 0.5224719101123596
422, 0.5613718411552346, 0.5333333333333333, 0.5224719101123596
423, 0.5631768953068592, 0.5333333333333333, 0.5280898876404494
424, 0.5631768953068592, 0.5333333333333333, 0.5280898876404494
425, 0.5631768953068592, 0.5333333333333333, 0.5280898876404494
426, 0.5649819494584838, 0.5333333333333333, 0.5280898876404494
427, 0.5631768953068592, 0.5333333333333333, 0.5280898876404494
428, 0.5631768953068592, 0.5333333333333333, 0.5337078651685393
429, 0.5649819494584838, 0.5333333333333333, 0.5337078651685393
430, 0.5631768953068592, 0.5333333333333333, 0.5337078651685393
431, 0.5631768953068592, 0.5333333333333333, 0.5337078651685393
432, 0.5631768953068592, 0.5333333333333333, 0.5280898876404494
433, 0.5631768953068592, 0.5277777777777778, 0.5280898876404494
434, 0.5631768953068592, 0.5277777777777778, 0.5280898876404494
435, 0.5631768953068592, 0.5277777777777778, 0.5280898876404494
436, 0.5631768953068592, 0.5277777777777778, 0.5280898876404494
437, 0.5631768953068592, 0.5277777777777778, 0.5280898876404494
438, 0.5613718411552346, 0.5277777777777778, 0.5337078651685393
439, 0.5613718411552346, 0.5277777777777778, 0.5337078651685393
28	0	5	0	0	8	
0	0	10	0	0	8	
0	0	32	0	0	5	
0	0	6	4	0	9	
0	0	10	0	0	7	
0	0	15	0	0	31	
440, 0.5631768953068592, 0.5277777777777778, 0.5337078651685393
441, 0.5649819494584838, 0.5277777777777778, 0.5337078651685393
442, 0.5649819494584838, 0.5277777777777778, 0.5449438202247191
443, 0.5631768953068592, 0.5222222222222223, 0.5393258426966292
444, 0.5649819494584838, 0.5277777777777778, 0.5393258426966292
445, 0.5685920577617328, 0.5277777777777778, 0.5449438202247191
446, 0.5685920577617328, 0.5333333333333333, 0.5449438202247191
447, 0.5703971119133574, 0.5333333333333333, 0.550561797752809
448, 0.572202166064982, 0.5388888888888889, 0.550561797752809
449, 0.572202166064982, 0.5444444444444444, 0.550561797752809
450, 0.575812274368231, 0.5555555555555556, 0.5561797752808989
451, 0.575812274368231, 0.5555555555555556, 0.5561797752808989
452, 0.5740072202166066, 0.5555555555555556, 0.5561797752808989
453, 0.5740072202166066, 0.5555555555555556, 0.5561797752808989
454, 0.5740072202166066, 0.5555555555555556, 0.5561797752808989
455, 0.5740072202166066, 0.5555555555555556, 0.550561797752809
456, 0.575812274368231, 0.5555555555555556, 0.550561797752809
457, 0.575812274368231, 0.5555555555555556, 0.5561797752808989
458, 0.5794223826714802, 0.5611111111111111, 0.5561797752808989
459, 0.5794223826714802, 0.5611111111111111, 0.5561797752808989
31	0	4	0	0	6	
0	0	8	0	0	10	
0	0	31	0	0	6	
1	0	5	4	0	9	
0	0	9	0	0	8	
0	0	13	0	0	33	
460, 0.5794223826714802, 0.5611111111111111, 0.5561797752808989
461, 0.5794223826714802, 0.5611111111111111, 0.5561797752808989
462, 0.5794223826714802, 0.5611111111111111, 0.5561797752808989
463, 0.5794223826714802, 0.5611111111111111, 0.5561797752808989
464, 0.5812274368231047, 0.5611111111111111, 0.5561797752808989
465, 0.5830324909747292, 0.5611111111111111, 0.5561797752808989
466, 0.5848375451263538, 0.5611111111111111, 0.5561797752808989
467, 0.5848375451263538, 0.5611111111111111, 0.5561797752808989
468, 0.5848375451263538, 0.5666666666666667, 0.5561797752808989
469, 0.5866425992779783, 0.5722222222222222, 0.5561797752808989
470, 0.5884476534296029, 0.5722222222222222, 0.5561797752808989
471, 0.5902527075812274, 0.5666666666666667, 0.5561797752808989
472, 0.5902527075812274, 0.5666666666666667, 0.5561797752808989
473, 0.5902527075812274, 0.5666666666666667, 0.5561797752808989
474, 0.5902527075812274, 0.5722222222222222, 0.5561797752808989
475, 0.5938628158844765, 0.5777777777777777, 0.5561797752808989
476, 0.5938628158844765, 0.5777777777777777, 0.5561797752808989
477, 0.5956678700361011, 0.5833333333333334, 0.5561797752808989
478, 0.5956678700361011, 0.5833333333333334, 0.5561797752808989
479, 0.5956678700361011, 0.5833333333333334, 0.5561797752808989
31	0	4	0	0	6	
0	0	8	0	0	10	
0	0	31	0	0	6	
1	0	5	4	0	9	
0	0	9	0	0	8	
0	0	14	0	0	32	
480, 0.5974729241877257, 0.5833333333333334, 0.550561797752809
481, 0.5974729241877257, 0.5777777777777777, 0.550561797752809
482, 0.5974729241877257, 0.5777777777777777, 0.550561797752809
483, 0.5974729241877257, 0.5777777777777777, 0.550561797752809
484, 0.6010830324909747, 0.5888888888888889, 0.5561797752808989
485, 0.6046931407942239, 0.5888888888888889, 0.5561797752808989
486, 0.6083032490974729, 0.5944444444444444, 0.5561797752808989
487, 0.6119133574007221, 0.5944444444444444, 0.5561797752808989
488, 0.6119133574007221, 0.5944444444444444, 0.5561797752808989
489, 0.6119133574007221, 0.6, 0.5617977528089888
490, 0.6119133574007221, 0.6, 0.5617977528089888
491, 0.6173285198555957, 0.6, 0.5617977528089888
492, 0.6173285198555957, 0.6, 0.5617977528089888
493, 0.6173285198555957, 0.6, 0.5617977528089888
494, 0.6173285198555957, 0.6, 0.5674157303370787
495, 0.6155234657039711, 0.6, 0.5786516853932584
496, 0.6155234657039711, 0.6, 0.5898876404494382
497, 0.6155234657039711, 0.6, 0.5955056179775281
498, 0.6173285198555957, 0.6, 0.5955056179775281
499, 0.6191335740072202, 0.6, 0.601123595505618
31	0	4	0	0	6	
0	0	8	0	0	10	
0	0	33	0	0	4	
1	0	5	10	0	3	
0	0	9	0	0	8	
0	0	13	0	0	33	
500, 0.6191335740072202, 0.6, 0.601123595505618
501, 0.6191335740072202, 0.6, 0.601123595505618
502, 0.6191335740072202, 0.6, 0.601123595505618
503, 0.6191335740072202, 0.5944444444444444, 0.601123595505618
504, 0.6263537906137184, 0.5944444444444444, 0.601123595505618
505, 0.628158844765343, 0.5944444444444444, 0.6067415730337079
506, 0.628158844765343, 0.5944444444444444, 0.6067415730337079
507, 0.6263537906137184, 0.6, 0.6123595505617978
508, 0.6263537906137184, 0.6, 0.6123595505617978
509, 0.6263537906137184, 0.6, 0.6123595505617978
510, 0.628158844765343, 0.5944444444444444, 0.6123595505617978
511, 0.628158844765343, 0.6, 0.6123595505617978
512, 0.631768953068592, 0.6, 0.6123595505617978
513, 0.6335740072202166, 0.6, 0.6123595505617978
514, 0.6335740072202166, 0.6, 0.6123595505617978
515, 0.6335740072202166, 0.6, 0.6123595505617978
516, 0.6353790613718412, 0.6, 0.6123595505617978
517, 0.6389891696750902, 0.6, 0.6123595505617978
518, 0.6389891696750902, 0.6, 0.6123595505617978
519, 0.6389891696750902, 0.6, 0.6123595505617978
32	0	4	1	0	4	
0	0	7	1	1	9	
0	0	33	0	0	4	
1	0	5	10	0	3	
0	0	8	0	0	9	
0	0	12	0	0	34	
520, 0.6389891696750902, 0.6, 0.6123595505617978
521, 0.6371841155234657, 0.6055555555555555, 0.6123595505617978
522, 0.6389891696750902, 0.6055555555555555, 0.6123595505617978
523, 0.6407942238267148, 0.6055555555555555, 0.6123595505617978
524, 0.6425992779783394, 0.6055555555555555, 0.6123595505617978
525, 0.644404332129964, 0.6055555555555555, 0.6123595505617978
526, 0.644404332129964, 0.6055555555555555, 0.6179775280898876
527, 0.6462093862815884, 0.6055555555555555, 0.6235955056179775
528, 0.6462093862815884, 0.6055555555555555, 0.6292134831460674
529, 0.648014440433213, 0.6, 0.6292134831460674
530, 0.648014440433213, 0.6, 0.6292134831460674
531, 0.648014440433213, 0.6, 0.6292134831460674
532, 0.6498194945848376, 0.6055555555555555, 0.6292134831460674
533, 0.6498194945848376, 0.6, 0.6292134831460674
534, 0.6498194945848376, 0.6, 0.6292134831460674
535, 0.6516245487364621, 0.6, 0.6235955056179775
536, 0.6516245487364621, 0.6055555555555555, 0.6235955056179775
537, 0.6516245487364621, 0.6055555555555555, 0.6235955056179775
538, 0.6534296028880866, 0.6055555555555555, 0.6235955056179775
539, 0.6534296028880866, 0.6055555555555555, 0.6235955056179775
33	0	4	1	0	3	
0	0	7	1	1	9	
0	0	32	2	0	3	
1	0	5	12	0	1	
0	0	8	1	0	8	
0	0	12	0	0	34	
540, 0.6534296028880866, 0.6055555555555555, 0.6235955056179775
541, 0.6516245487364621, 0.6055555555555555, 0.6179775280898876
542, 0.6516245487364621, 0.6055555555555555, 0.6179775280898876
543, 0.6516245487364621, 0.6055555555555555, 0.6179775280898876
544, 0.6516245487364621, 0.6055555555555555, 0.6179775280898876
545, 0.6534296028880866, 0.6055555555555555, 0.6179775280898876
546, 0.6552346570397112, 0.6055555555555555, 0.6179775280898876
547, 0.6552346570397112, 0.6055555555555555, 0.6179775280898876
548, 0.6552346570397112, 0.6055555555555555, 0.6179775280898876
549, 0.6552346570397112, 0.6055555555555555, 0.6235955056179775
550, 0.6552346570397112, 0.6111111111111112, 0.6179775280898876
551, 0.6552346570397112, 0.6111111111111112, 0.6179775280898876
552, 0.6552346570397112, 0.6111111111111112, 0.6179775280898876
553, 0.6552346570397112, 0.6111111111111112, 0.6179775280898876
554, 0.6552346570397112, 0.6111111111111112, 0.6179775280898876
555, 0.6552346570397112, 0.6111111111111112, 0.6179775280898876
556, 0.6552346570397112, 0.6111111111111112, 0.6179775280898876
557, 0.6552346570397112, 0.6111111111111112, 0.6179775280898876
558, 0.6552346570397112, 0.6111111111111112, 0.6179775280898876
559, 0.6552346570397112, 0.6111111111111112, 0.6179775280898876
33	0	4	1	0	3	
0	0	6	1	1	10	
0	0	31	4	0	2	
1	0	5	12	0	1	
0	0	8	1	0	8	
0	0	12	0	0	34	
560, 0.6552346570397112, 0.6111111111111112, 0.6179775280898876
561, 0.6552346570397112, 0.6111111111111112, 0.6179775280898876
562, 0.6534296028880866, 0.6111111111111112, 0.6179775280898876
563, 0.6534296028880866, 0.6111111111111112, 0.6179775280898876
564, 0.6534296028880866, 0.6111111111111112, 0.6179775280898876
565, 0.6534296028880866, 0.6111111111111112, 0.6179775280898876
566, 0.6534296028880866, 0.6111111111111112, 0.6179775280898876
567, 0.6552346570397112, 0.6111111111111112, 0.6179775280898876
568, 0.6552346570397112, 0.6111111111111112, 0.6179775280898876
569, 0.6552346570397112, 0.6111111111111112, 0.6179775280898876
570, 0.6552346570397112, 0.6111111111111112, 0.6179775280898876
571, 0.6534296028880866, 0.6111111111111112, 0.6179775280898876
572, 0.6534296028880866, 0.6111111111111112, 0.6179775280898876
573, 0.6552346570397112, 0.6111111111111112, 0.6123595505617978
574, 0.6552346570397112, 0.6111111111111112, 0.6123595505617978
575, 0.6552346570397112, 0.6111111111111112, 0.6123595505617978
576, 0.6588447653429603, 0.6111111111111112, 0.6123595505617978
577, 0.6588447653429603, 0.6111111111111112, 0.6123595505617978
578, 0.6624548736462094, 0.6111111111111112, 0.6123595505617978
579, 0.6624548736462094, 0.6111111111111112, 0.6123595505617978
33	0	4	1	0	3	
0	0	7	2	0	9	
0	0	30	5	0	2	
1	0	5	12	0	1	
0	0	8	1	0	8	
0	0	12	0	0	34	
580, 0.6642599277978339, 0.6111111111111112, 0.6123595505617978
581, 0.6642599277978339, 0.6111111111111112, 0.6123595505617978
582, 0.6642599277978339, 0.6111111111111112, 0.6123595505617978
583, 0.6642599277978339, 0.6111111111111112, 0.6123595505617978
584, 0.6624548736462094, 0.6111111111111112, 0.6123595505617978
585, 0.6624548736462094, 0.6111111111111112, 0.6123595505617978
586, 0.6642599277978339, 0.6111111111111112, 0.6123595505617978
587, 0.6642599277978339, 0.6111111111111112, 0.6123595505617978
588, 0.6642599277978339, 0.6111111111111112, 0.6123595505617978
589, 0.6642599277978339, 0.6111111111111112, 0.6123595505617978
590, 0.6642599277978339, 0.6111111111111112, 0.6123595505617978
591, 0.6660649819494585, 0.6055555555555555, 0.6123595505617978
592, 0.6660649819494585, 0.6055555555555555, 0.6123595505617978
593, 0.6660649819494585, 0.6055555555555555, 0.6067415730337079
594, 0.6660649819494585, 0.6055555555555555, 0.6067415730337079
595, 0.6678700361010831, 0.6055555555555555, 0.6067415730337079
596, 0.6678700361010831, 0.6055555555555555, 0.6067415730337079
597, 0.6678700361010831, 0.6055555555555555, 0.6123595505617978
598, 0.6660649819494585, 0.6055555555555555, 0.6123595505617978
599, 0.6660649819494585, 0.6055555555555555, 0.6123595505617978
34	0	4	1	0	2	
0	0	7	2	0	9	
0	0	30	5	0	2	
1	0	5	12	0	1	
0	0	8	1	0	8	
0	0	12	0	0	34	
600, 0.6660649819494585, 0.6055555555555555, 0.6179775280898876
601, 0.6660649819494585, 0.6055555555555555, 0.6179775280898876
602, 0.6696750902527075, 0.6055555555555555, 0.6179775280898876
603, 0.6696750902527075, 0.6055555555555555, 0.6179775280898876
604, 0.6696750902527075, 0.6055555555555555, 0.6179775280898876
605, 0.6696750902527075, 0.6055555555555555, 0.6179775280898876
606, 0.6696750902527075, 0.6055555555555555, 0.6235955056179775
607, 0.6696750902527075, 0.6055555555555555, 0.6235955056179775
608, 0.6696750902527075, 0.6055555555555555, 0.6235955056179775
609, 0.6696750902527075, 0.6055555555555555, 0.6235955056179775
610, 0.6696750902527075, 0.6055555555555555, 0.6235955056179775
611, 0.6696750902527075, 0.6055555555555555, 0.6235955056179775
612, 0.6696750902527075, 0.6055555555555555, 0.6235955056179775
613, 0.6696750902527075, 0.6111111111111112, 0.6235955056179775
614, 0.6696750902527075, 0.6111111111111112, 0.6235955056179775
615, 0.6696750902527075, 0.6111111111111112, 0.6235955056179775
616, 0.6696750902527075, 0.6111111111111112, 0.6235955056179775
617, 0.6696750902527075, 0.6111111111111112, 0.6235955056179775
618, 0.6696750902527075, 0.6111111111111112, 0.6235955056179775
619, 0.6696750902527075, 0.6166666666666667, 0.6235955056179775
34	0	4	1	0	2	
0	0	7	2	0	9	
0	0	30	5	0	2	
1	0	4	13	0	1	
0	0	7	2	0	8	
0	0	12	0	0	34	
620, 0.6696750902527075, 0.6166666666666667, 0.6235955056179775
621, 0.6696750902527075, 0.6166666666666667, 0.6235955056179775
622, 0.6696750902527075, 0.6111111111111112, 0.6235955056179775
623, 0.6696750902527075, 0.6111111111111112, 0.6235955056179775
624, 0.6696750902527075, 0.6111111111111112, 0.6235955056179775
625, 0.6696750902527075, 0.6111111111111112, 0.6235955056179775
626, 0.6696750902527075, 0.6111111111111112, 0.6235955056179775
627, 0.6696750902527075, 0.6166666666666667, 0.6235955056179775
628, 0.6696750902527075, 0.6166666666666667, 0.6235955056179775
629, 0.6714801444043321, 0.6166666666666667, 0.6235955056179775
630, 0.6714801444043321, 0.6166666666666667, 0.6235955056179775
631, 0.6714801444043321, 0.6166666666666667, 0.6235955056179775
632, 0.6714801444043321, 0.6166666666666667, 0.6292134831460674
633, 0.6732851985559567, 0.6166666666666667, 0.6235955056179775
634, 0.6732851985559567, 0.6166666666666667, 0.6235955056179775
635, 0.6750902527075813, 0.6166666666666667, 0.6235955056179775
636, 0.6750902527075813, 0.6166666666666667, 0.6235955056179775
637, 0.6750902527075813, 0.6166666666666667, 0.6235955056179775
638, 0.6732851985559567, 0.6166666666666667, 0.6179775280898876
639, 0.6732851985559567, 0.6111111111111112, 0.6235955056179775
33	0	4	2	0	2	
0	0	7	1	1	9	
0	0	31	4	0	2	
0	0	4	14	0	1	
0	0	7	2	0	8	
0	0	13	0	0	33	
640, 0.6714801444043321, 0.6055555555555555, 0.6235955056179775
641, 0.6696750902527075, 0.6055555555555555, 0.6235955056179775
642, 0.6696750902527075, 0.6055555555555555, 0.6235955056179775
643, 0.6714801444043321, 0.6055555555555555, 0.6235955056179775
644, 0.6750902527075813, 0.6166666666666667, 0.6235955056179775
645, 0.6787003610108303, 0.6166666666666667, 0.6235955056179775
646, 0.6787003610108303, 0.6111111111111112, 0.6292134831460674
647, 0.6768953068592057, 0.6111111111111112, 0.6235955056179775
648, 0.6768953068592057, 0.6111111111111112, 0.6235955056179775
649, 0.6768953068592057, 0.6111111111111112, 0.6235955056179775
650, 0.6768953068592057, 0.6111111111111112, 0.6235955056179775
651, 0.6768953068592057, 0.6111111111111112, 0.6179775280898876
652, 0.6768953068592057, 0.6111111111111112, 0.6179775280898876
653, 0.6768953068592057, 0.6111111111111112, 0.6179775280898876
654, 0.6768953068592057, 0.6111111111111112, 0.6179775280898876
655, 0.6768953068592057, 0.6111111111111112, 0.6179775280898876
656, 0.6714801444043321, 0.6111111111111112, 0.6179775280898876
657, 0.6714801444043321, 0.6111111111111112, 0.6179775280898876
658, 0.6696750902527075, 0.6055555555555555, 0.6235955056179775
659, 0.6678700361010831, 0.6, 0.6235955056179775
34	0	4	1	0	2	
0	0	7	1	1	9	
0	0	31	4	0	2	
0	0	5	13	0	1	
0	0	7	2	0	8	
0	0	13	0	0	33	
660, 0.6678700361010831, 0.6055555555555555, 0.6235955056179775
661, 0.6678700361010831, 0.6055555555555555, 0.6235955056179775
662, 0.6678700361010831, 0.6055555555555555, 0.6235955056179775
663, 0.6678700361010831, 0.6055555555555555, 0.6123595505617978
664, 0.6678700361010831, 0.6055555555555555, 0.6123595505617978
665, 0.6678700361010831, 0.6055555555555555, 0.6123595505617978
666, 0.6678700361010831, 0.6055555555555555, 0.6123595505617978
667, 0.6678700361010831, 0.6055555555555555, 0.6123595505617978
668, 0.6678700361010831, 0.6055555555555555, 0.6123595505617978
669, 0.6678700361010831, 0.6055555555555555, 0.6123595505617978
670, 0.6678700361010831, 0.6055555555555555, 0.6123595505617978
671, 0.6678700361010831, 0.6055555555555555, 0.6123595505617978
672, 0.6678700361010831, 0.6055555555555555, 0.6123595505617978
673, 0.6678700361010831, 0.6055555555555555, 0.6123595505617978
674, 0.6678700361010831, 0.6055555555555555, 0.6123595505617978
675, 0.6678700361010831, 0.6055555555555555, 0.6123595505617978
676, 0.6678700361010831, 0.6055555555555555, 0.6123595505617978
677, 0.6678700361010831, 0.6055555555555555, 0.6123595505617978
678, 0.6678700361010831, 0.6055555555555555, 0.6123595505617978
679, 0.6678700361010831, 0.6055555555555555, 0.6123595505617978
32	0	4	2	1	2	
0	0	7	1	1	9	
0	0	31	4	0	2	
0	0	5	13	0	1	
0	0	7	2	0	8	
0	0	13	0	0	33	
680, 0.6678700361010831, 0.6055555555555555, 0.6123595505617978
681, 0.6678700361010831, 0.6055555555555555, 0.6123595505617978
682, 0.6678700361010831, 0.6055555555555555, 0.6123595505617978
683, 0.6678700361010831, 0.6055555555555555, 0.6123595505617978
684, 0.6678700361010831, 0.6055555555555555, 0.6123595505617978
685, 0.6678700361010831, 0.6055555555555555, 0.6123595505617978
686, 0.6678700361010831, 0.6055555555555555, 0.6123595505617978
687, 0.6696750902527075, 0.6055555555555555, 0.6123595505617978
688, 0.6696750902527075, 0.6055555555555555, 0.6123595505617978
689, 0.6696750902527075, 0.6055555555555555, 0.6123595505617978
690, 0.6714801444043321, 0.6055555555555555, 0.6123595505617978
691, 0.6714801444043321, 0.6055555555555555, 0.6123595505617978
692, 0.6714801444043321, 0.6055555555555555, 0.6123595505617978
693, 0.6714801444043321, 0.6055555555555555, 0.6123595505617978
694, 0.6714801444043321, 0.6055555555555555, 0.6179775280898876
695, 0.6714801444043321, 0.6055555555555555, 0.6179775280898876
696, 0.6732851985559567, 0.6055555555555555, 0.6179775280898876
697, 0.6732851985559567, 0.6055555555555555, 0.6179775280898876
698, 0.6732851985559567, 0.6055555555555555, 0.6179775280898876
699, 0.6732851985559567, 0.6111111111111112, 0.6179775280898876
32	0	4	2	1	2	
0	0	8	1	1	8	
0	0	31	4	0	2	
0	0	4	14	0	1	
0	0	7	2	0	8	
0	0	13	0	0	33	
700, 0.6732851985559567, 0.6111111111111112, 0.6179775280898876
701, 0.6732851985559567, 0.6166666666666667, 0.6179775280898876
702, 0.6732851985559567, 0.6166666666666667, 0.6179775280898876
703, 0.6732851985559567, 0.6166666666666667, 0.6179775280898876
704, 0.6732851985559567, 0.6166666666666667, 0.6179775280898876
705, 0.6714801444043321, 0.6166666666666667, 0.6179775280898876
706, 0.6732851985559567, 0.6166666666666667, 0.6179775280898876
707, 0.6732851985559567, 0.6166666666666667, 0.6179775280898876
708, 0.6750902527075813, 0.6166666666666667, 0.6179775280898876
709, 0.6750902527075813, 0.6166666666666667, 0.6235955056179775
710, 0.6750902527075813, 0.6166666666666667, 0.6235955056179775
711, 0.6768953068592057, 0.6166666666666667, 0.6235955056179775
712, 0.6768953068592057, 0.6166666666666667, 0.6235955056179775
713, 0.6768953068592057, 0.6111111111111112, 0.6235955056179775
714, 0.6768953068592057, 0.6111111111111112, 0.6235955056179775
715, 0.6768953068592057, 0.6111111111111112, 0.6235955056179775
716, 0.6787003610108303, 0.6111111111111112, 0.6235955056179775
717, 0.6787003610108303, 0.6111111111111112, 0.6235955056179775
718, 0.6787003610108303, 0.6111111111111112, 0.6235955056179775
719, 0.6787003610108303, 0.6111111111111112, 0.6235955056179775
32	0	4	2	1	2	
0	0	9	1	0	8	
0	0	31	4	0	2	
0	0	4	14	0	1	
0	0	7	2	0	8	
0	0	12	0	0	34	
720, 0.6787003610108303, 0.6111111111111112, 0.6235955056179775
721, 0.6787003610108303, 0.6111111111111112, 0.6235955056179775
722, 0.6787003610108303, 0.6111111111111112, 0.6235955056179775
723, 0.6787003610108303, 0.6111111111111112, 0.6235955056179775
724, 0.6768953068592057, 0.6166666666666667, 0.6235955056179775
725, 0.6768953068592057, 0.6166666666666667, 0.6235955056179775
726, 0.6768953068592057, 0.6222222222222222, 0.6235955056179775
727, 0.6768953068592057, 0.6222222222222222, 0.6235955056179775
728, 0.6768953068592057, 0.6222222222222222, 0.6235955056179775
729, 0.6768953068592057, 0.6222222222222222, 0.6235955056179775
730, 0.6768953068592057, 0.6222222222222222, 0.6235955056179775
731, 0.6768953068592057, 0.6222222222222222, 0.6235955056179775
732, 0.6768953068592057, 0.6222222222222222, 0.6235955056179775
733, 0.6768953068592057, 0.6222222222222222, 0.6235955056179775
734, 0.6787003610108303, 0.6222222222222222, 0.6235955056179775
735, 0.6787003610108303, 0.6222222222222222, 0.6235955056179775
736, 0.6805054151624549, 0.6222222222222222, 0.6235955056179775
737, 0.6787003610108303, 0.6277777777777778, 0.6235955056179775
738, 0.6787003610108303, 0.6277777777777778, 0.6235955056179775
739, 0.6787003610108303, 0.6277777777777778, 0.6235955056179775
32	0	4	2	1	2	
0	0	9	1	0	8	
0	0	31	4	0	2	
0	0	4	14	0	1	
0	0	7	2	0	8	
0	0	12	0	0	34	
740, 0.6787003610108303, 0.6277777777777778, 0.6235955056179775
741, 0.6787003610108303, 0.6333333333333333, 0.6235955056179775
742, 0.6787003610108303, 0.6333333333333333, 0.6235955056179775
743, 0.6787003610108303, 0.6333333333333333, 0.6235955056179775
744, 0.6787003610108303, 0.6333333333333333, 0.6235955056179775
745, 0.6787003610108303, 0.6333333333333333, 0.6235955056179775
746, 0.6787003610108303, 0.6333333333333333, 0.6235955056179775
747, 0.6787003610108303, 0.6333333333333333, 0.6235955056179775
748, 0.6787003610108303, 0.6333333333333333, 0.6235955056179775
749, 0.6787003610108303, 0.6333333333333333, 0.6235955056179775
750, 0.6768953068592057, 0.6333333333333333, 0.6235955056179775
751, 0.6768953068592057, 0.6333333333333333, 0.6235955056179775
752, 0.6768953068592057, 0.6333333333333333, 0.6235955056179775
753, 0.6768953068592057, 0.6333333333333333, 0.6235955056179775
754, 0.6768953068592057, 0.6333333333333333, 0.6235955056179775
755, 0.6768953068592057, 0.6333333333333333, 0.6235955056179775
756, 0.6768953068592057, 0.6277777777777778, 0.6235955056179775
757, 0.6768953068592057, 0.6277777777777778, 0.6292134831460674
758, 0.6768953068592057, 0.6277777777777778, 0.6292134831460674
759, 0.6768953068592057, 0.6277777777777778, 0.6292134831460674
32	0	4	2	1	2	
0	0	9	1	0	8	
0	0	32	4	0	1	
0	0	4	14	0	1	
0	0	8	2	0	7	
0	0	12	0	0	34	
760, 0.6768953068592057, 0.6277777777777778, 0.6292134831460674
761, 0.6750902527075813, 0.6277777777777778, 0.6292134831460674
762, 0.6750902527075813, 0.6277777777777778, 0.6292134831460674
763, 0.6768953068592057, 0.6277777777777778, 0.6292134831460674
764, 0.6768953068592057, 0.6277777777777778, 0.6292134831460674
765, 0.6768953068592057, 0.6277777777777778, 0.6292134831460674
766, 0.6768953068592057, 0.6277777777777778, 0.6292134831460674
767, 0.6768953068592057, 0.6277777777777778, 0.6292134831460674
768, 0.6787003610108303, 0.6277777777777778, 0.6292134831460674
769, 0.6787003610108303, 0.6277777777777778, 0.6292134831460674
770, 0.6787003610108303, 0.6277777777777778, 0.6292134831460674
771, 0.6787003610108303, 0.6277777777777778, 0.6292134831460674
772, 0.6805054151624549, 0.6277777777777778, 0.6292134831460674
773, 0.6805054151624549, 0.6277777777777778, 0.6292134831460674
774, 0.6805054151624549, 0.6333333333333333, 0.6404494382022472
775, 0.6805054151624549, 0.6333333333333333, 0.6404494382022472
776, 0.6823104693140795, 0.6333333333333333, 0.6404494382022472
777, 0.6823104693140795, 0.6333333333333333, 0.6404494382022472
778, 0.6823104693140795, 0.6333333333333333, 0.6404494382022472
779, 0.6823104693140795, 0.6333333333333333, 0.6404494382022472
32	0	4	2	1	2	
0	0	9	1	0	8	
0	0	33	3	0	1	
0	0	4	14	0	1	
0	0	8	2	0	7	
0	0	11	0	1	34	
780, 0.6805054151624549, 0.6333333333333333, 0.6348314606741573
781, 0.6805054151624549, 0.6333333333333333, 0.6348314606741573
782, 0.6805054151624549, 0.6333333333333333, 0.6348314606741573
783, 0.6805054151624549, 0.6333333333333333, 0.6348314606741573
784, 0.6805054151624549, 0.6333333333333333, 0.6404494382022472
785, 0.6805054151624549, 0.6277777777777778, 0.6404494382022472
786, 0.6805054151624549, 0.6222222222222222, 0.6404494382022472
787, 0.6805054151624549, 0.6222222222222222, 0.6460674157303371
788, 0.6823104693140795, 0.6222222222222222, 0.6404494382022472
789, 0.6823104693140795, 0.6222222222222222, 0.6460674157303371
790, 0.6823104693140795, 0.6277777777777778, 0.6460674157303371
791, 0.6823104693140795, 0.6277777777777778, 0.6460674157303371
792, 0.6823104693140795, 0.6277777777777778, 0.6460674157303371
793, 0.6823104693140795, 0.6277777777777778, 0.6460674157303371
794, 0.6823104693140795, 0.6222222222222222, 0.6460674157303371
795, 0.6805054151624549, 0.6222222222222222, 0.6460674157303371
796, 0.6787003610108303, 0.6333333333333333, 0.6460674157303371
797, 0.6805054151624549, 0.6333333333333333, 0.6460674157303371
798, 0.6823104693140795, 0.6333333333333333, 0.6460674157303371
799, 0.6823104693140795, 0.6333333333333333, 0.6460674157303371
32	0	4	2	1	2	
0	0	9	1	0	8	
0	0	34	2	0	1	
0	0	4	15	0	0	
0	0	8	2	0	7	
0	0	11	0	1	34	
800, 0.6823104693140795, 0.6333333333333333, 0.6460674157303371
801, 0.6841155234657039, 0.6333333333333333, 0.6460674157303371
802, 0.6841155234657039, 0.6333333333333333, 0.6460674157303371
803, 0.6841155234657039, 0.6333333333333333, 0.6460674157303371
804, 0.6877256317689531, 0.6333333333333333, 0.6460674157303371
805, 0.6877256317689531, 0.6333333333333333, 0.6460674157303371
806, 0.6877256317689531, 0.6444444444444445, 0.6460674157303371
807, 0.6877256317689531, 0.6444444444444445, 0.6460674157303371
808, 0.6895306859205776, 0.6444444444444445, 0.6404494382022472
809, 0.6913357400722022, 0.6444444444444445, 0.6460674157303371
810, 0.6913357400722022, 0.6444444444444445, 0.6460674157303371
811, 0.6931407942238267, 0.6444444444444445, 0.6404494382022472
812, 0.6949458483754513, 0.6444444444444445, 0.6404494382022472
813, 0.6949458483754513, 0.6444444444444445, 0.6460674157303371
814, 0.6985559566787004, 0.6388888888888888, 0.6460674157303371
815, 0.6985559566787004, 0.6388888888888888, 0.6460674157303371
816, 0.6985559566787004, 0.6388888888888888, 0.6460674157303371
817, 0.7003610108303249, 0.6388888888888888, 0.6460674157303371
818, 0.7003610108303249, 0.6388888888888888, 0.6460674157303371
819, 0.7003610108303249, 0.6388888888888888, 0.6460674157303371
34	0	4	0	1	2	
0	0	9	1	0	8	
0	0	33	2	1	1	
1	0	4	14	0	0	
0	0	8	2	0	7	
0	0	10	0	2	34	
820, 0.7003610108303249, 0.6388888888888888, 0.6460674157303371
821, 0.6985559566787004, 0.6388888888888888, 0.6460674157303371
822, 0.6985559566787004, 0.6388888888888888, 0.6404494382022472
823, 0.6985559566787004, 0.6388888888888888, 0.6460674157303371
824, 0.6985559566787004, 0.6388888888888888, 0.6460674157303371
825, 0.6985559566787004, 0.6333333333333333, 0.6460674157303371
826, 0.6985559566787004, 0.6277777777777778, 0.6404494382022472
827, 0.6985559566787004, 0.6277777777777778, 0.6404494382022472
828, 0.6985559566787004, 0.6277777777777778, 0.6404494382022472
829, 0.6985559566787004, 0.6277777777777778, 0.6404494382022472
830, 0.6985559566787004, 0.6333333333333333, 0.6404494382022472
831, 0.6985559566787004, 0.6333333333333333, 0.6404494382022472
832, 0.7003610108303249, 0.6333333333333333, 0.6404494382022472
833, 0.7003610108303249, 0.6333333333333333, 0.6348314606741573
834, 0.7003610108303249, 0.6333333333333333, 0.6348314606741573
835, 0.7021660649819494, 0.6277777777777778, 0.6348314606741573
836, 0.703971119133574, 0.6333333333333333, 0.6292134831460674
837, 0.7021660649819494, 0.6277777777777778, 0.6292134831460674
838, 0.7003610108303249, 0.6277777777777778, 0.6292134831460674
839, 0.7003610108303249, 0.6277777777777778, 0.6348314606741573
32	0	4	2	1	2	
0	0	9	1	0	8	
0	0	31	3	1	2	
0	0	4	15	0	0	
0	0	6	3	1	7	
0	0	10	0	2	34	
840, 0.6985559566787004, 0.6222222222222222, 0.6348314606741573
841, 0.6985559566787004, 0.6222222222222222, 0.6348314606741573
842, 0.7003610108303249, 0.6222222222222222, 0.6348314606741573
843, 0.7003610108303249, 0.6222222222222222, 0.6348314606741573
844, 0.7003610108303249, 0.6222222222222222, 0.6348314606741573
845, 0.7003610108303249, 0.6222222222222222, 0.6348314606741573
846, 0.7003610108303249, 0.6222222222222222, 0.6292134831460674
847, 0.7003610108303249, 0.6222222222222222, 0.6292134831460674
848, 0.7021660649819494, 0.6222222222222222, 0.6292134831460674
849, 0.703971119133574, 0.6222222222222222, 0.6292134831460674
850, 0.703971119133574, 0.6222222222222222, 0.6292134831460674
851, 0.703971119133574, 0.6222222222222222, 0.6292134831460674
852, 0.703971119133574, 0.6333333333333333, 0.6292134831460674
853, 0.703971119133574, 0.6277777777777778, 0.6292134831460674
854, 0.703971119133574, 0.6277777777777778, 0.6292134831460674
855, 0.7057761732851986, 0.6277777777777778, 0.6292134831460674
856, 0.7057761732851986, 0.6277777777777778, 0.6235955056179775
857, 0.7057761732851986, 0.6333333333333333, 0.6235955056179775
858, 0.7093862815884476, 0.6333333333333333, 0.6235955056179775
859, 0.7129963898916968, 0.6388888888888888, 0.6235955056179775
33	0	4	1	1	2	
0	0	9	1	0	8	
0	0	28	4	3	2	
0	0	4	15	0	0	
0	0	6	3	1	7	
0	0	10	0	2	34	
860, 0.7129963898916968, 0.6333333333333333, 0.6235955056179775
861, 0.7129963898916968, 0.6333333333333333, 0.6235955056179775
862, 0.7111913357400722, 0.6277777777777778, 0.6235955056179775
863, 0.7111913357400722, 0.6333333333333333, 0.6235955056179775
864, 0.7129963898916968, 0.6333333333333333, 0.6235955056179775
865, 0.7148014440433214, 0.6333333333333333, 0.6348314606741573
866, 0.7148014440433214, 0.6333333333333333, 0.6348314606741573
867, 0.7166064981949458, 0.6333333333333333, 0.6404494382022472
868, 0.7166064981949458, 0.6333333333333333, 0.6348314606741573
869, 0.7166064981949458, 0.6333333333333333, 0.6348314606741573
870, 0.7166064981949458, 0.6333333333333333, 0.6348314606741573
871, 0.7166064981949458, 0.6333333333333333, 0.6348314606741573
872, 0.7166064981949458, 0.6333333333333333, 0.6348314606741573
873, 0.7166064981949458, 0.6333333333333333, 0.6292134831460674
874, 0.7166064981949458, 0.6333333333333333, 0.6235955056179775
875, 0.7166064981949458, 0.6333333333333333, 0.6235955056179775
876, 0.7166064981949458, 0.6333333333333333, 0.6235955056179775
877, 0.7148014440433214, 0.6333333333333333, 0.6235955056179775
878, 0.7148014440433214, 0.6333333333333333, 0.6179775280898876
879, 0.7166064981949458, 0.6333333333333333, 0.6179775280898876
34	0	4	0	1	2	
0	0	9	1	0	8	
0	0	28	3	4	2	
1	0	4	14	0	0	
0	0	6	3	2	6	
0	0	10	0	4	32	
880, 0.7166064981949458, 0.6333333333333333, 0.6179775280898876
881, 0.7166064981949458, 0.6333333333333333, 0.6179775280898876
882, 0.7166064981949458, 0.6277777777777778, 0.6235955056179775
883, 0.7166064981949458, 0.6277777777777778, 0.6235955056179775
884, 0.7184115523465704, 0.6277777777777778, 0.6292134831460674
885, 0.720216606498195, 0.6277777777777778, 0.6292134831460674
886, 0.720216606498195, 0.6277777777777778, 0.6292134831460674
887, 0.723826714801444, 0.6333333333333333, 0.6292134831460674
888, 0.7256317689530686, 0.6277777777777778, 0.6348314606741573
889, 0.7256317689530686, 0.6277777777777778, 0.6348314606741573
890, 0.7256317689530686, 0.6277777777777778, 0.6348314606741573
891, 0.7256317689530686, 0.6277777777777778, 0.6348314606741573
892, 0.7256317689530686, 0.6277777777777778, 0.6292134831460674
893, 0.7256317689530686, 0.6277777777777778, 0.6292134831460674
894, 0.7274368231046932, 0.6277777777777778, 0.6235955056179775
895, 0.723826714801444, 0.6277777777777778, 0.6179775280898876
896, 0.7274368231046932, 0.6333333333333333, 0.6179775280898876
897, 0.7256317689530686, 0.6333333333333333, 0.6123595505617978
898, 0.7220216606498195, 0.6277777777777778, 0.6123595505617978
899, 0.723826714801444, 0.6277777777777778, 0.6123595505617978
32	1	4	1	1	2	
0	0	8	1	1	8	
0	0	28	3	4	2	
0	1	4	14	0	0	
0	0	6	3	2	6	
0	0	9	0	4	33	
900, 0.723826714801444, 0.6277777777777778, 0.6123595505617978
901, 0.723826714801444, 0.6277777777777778, 0.6123595505617978
902, 0.723826714801444, 0.6277777777777778, 0.6123595505617978
903, 0.723826714801444, 0.6277777777777778, 0.6123595505617978
904, 0.7220216606498195, 0.6277777777777778, 0.6179775280898876
905, 0.7220216606498195, 0.6277777777777778, 0.6179775280898876
906, 0.723826714801444, 0.6277777777777778, 0.6179775280898876
907, 0.723826714801444, 0.6277777777777778, 0.6179775280898876
908, 0.723826714801444, 0.6333333333333333, 0.6179775280898876
909, 0.7256317689530686, 0.6333333333333333, 0.6235955056179775
910, 0.7292418772563177, 0.6333333333333333, 0.6235955056179775
911, 0.7292418772563177, 0.6333333333333333, 0.6235955056179775
912, 0.7310469314079422, 0.6333333333333333, 0.6292134831460674
913, 0.7310469314079422, 0.6333333333333333, 0.6292134831460674
914, 0.7310469314079422, 0.6333333333333333, 0.6292134831460674
915, 0.7292418772563177, 0.6277777777777778, 0.6348314606741573
916, 0.7292418772563177, 0.6333333333333333, 0.6292134831460674
917, 0.7292418772563177, 0.6333333333333333, 0.6292134831460674
918, 0.7310469314079422, 0.6333333333333333, 0.6292134831460674
919, 0.7328519855595668, 0.6333333333333333, 0.6292134831460674
34	0	3	0	2	2	
0	1	7	0	2	8	
1	0	28	2	4	2	
2	0	3	14	0	0	
0	0	6	3	2	6	
0	0	9	0	4	33	
920, 0.7346570397111913, 0.6333333333333333, 0.6292134831460674
921, 0.7346570397111913, 0.6333333333333333, 0.6235955056179775
922, 0.7328519855595668, 0.6333333333333333, 0.6235955056179775
923, 0.7328519855595668, 0.6333333333333333, 0.6235955056179775
924, 0.7328519855595668, 0.6277777777777778, 0.6235955056179775
925, 0.7328519855595668, 0.6333333333333333, 0.6292134831460674
926, 0.7328519855595668, 0.6333333333333333, 0.6292134831460674
927, 0.7328519855595668, 0.6333333333333333, 0.6292134831460674
928, 0.7346570397111913, 0.6333333333333333, 0.6292134831460674
929, 0.7346570397111913, 0.6333333333333333, 0.6235955056179775
930, 0.7346570397111913, 0.6388888888888888, 0.6348314606741573
931, 0.7364620938628159, 0.6388888888888888, 0.6348314606741573
932, 0.7364620938628159, 0.6388888888888888, 0.6348314606741573
933, 0.7346570397111913, 0.6388888888888888, 0.6348314606741573
934, 0.7346570397111913, 0.6388888888888888, 0.6348314606741573
935, 0.7364620938628159, 0.6388888888888888, 0.6404494382022472
936, 0.7364620938628159, 0.6388888888888888, 0.6348314606741573
937, 0.7382671480144405, 0.6388888888888888, 0.6348314606741573
938, 0.7382671480144405, 0.6388888888888888, 0.6404494382022472
939, 0.7382671480144405, 0.6388888888888888, 0.6404494382022472
34	0	3	0	2	2	
0	1	7	0	2	8	
0	0	28	3	4	2	
1	0	4	14	0	0	
0	0	5	3	4	5	
0	0	7	0	6	33	
940, 0.740072202166065, 0.6388888888888888, 0.6404494382022472
941, 0.7418772563176895, 0.6388888888888888, 0.6348314606741573
942, 0.740072202166065, 0.6388888888888888, 0.6348314606741573
943, 0.7418772563176895, 0.6388888888888888, 0.6348314606741573
944, 0.7418772563176895, 0.6388888888888888, 0.6348314606741573
945, 0.7418772563176895, 0.6388888888888888, 0.6348314606741573
946, 0.7436823104693141, 0.6388888888888888, 0.6348314606741573
947, 0.7436823104693141, 0.6388888888888888, 0.6348314606741573
948, 0.7436823104693141, 0.6388888888888888, 0.6404494382022472
949, 0.7436823104693141, 0.6388888888888888, 0.6404494382022472
950, 0.7472924187725631, 0.6333333333333333, 0.6460674157303371
951, 0.7490974729241877, 0.6333333333333333, 0.651685393258427
952, 0.7490974729241877, 0.6388888888888888, 0.6460674157303371
953, 0.7509025270758123, 0.6388888888888888, 0.6460674157303371
954, 0.7509025270758123, 0.6388888888888888, 0.651685393258427
955, 0.7509025270758123, 0.65, 0.651685393258427
956, 0.7509025270758123, 0.6555555555555556, 0.651685393258427
957, 0.7509025270758123, 0.6611111111111111, 0.651685393258427
958, 0.7509025270758123, 0.6611111111111111, 0.651685393258427
959, 0.7509025270758123, 0.6611111111111111, 0.651685393258427
35	0	3	0	1	2	
0	2	6	0	2	8	
1	0	28	2	4	2	
2	0	3	14	0	0	
0	0	6	3	4	4	
0	0	7	0	6	33	
960, 0.7509025270758123, 0.6611111111111111, 0.651685393258427
961, 0.7509025270758123, 0.6611111111111111, 0.651685393258427
962, 0.7509025270758123, 0.6611111111111111, 0.651685393258427
963, 0.7527075812274369, 0.6611111111111111, 0.651685393258427
964, 0.7527075812274369, 0.6611111111111111, 0.651685393258427
965, 0.7527075812274369, 0.6611111111111111, 0.651685393258427
966, 0.7509025270758123, 0.6611111111111111, 0.651685393258427
967, 0.7509025270758123, 0.6611111111111111, 0.651685393258427
968, 0.7509025270758123, 0.6444444444444445, 0.651685393258427
969, 0.7509025270758123, 0.65, 0.651685393258427
970, 0.7509025270758123, 0.65, 0.651685393258427
971, 0.7509025270758123, 0.65, 0.651685393258427
972, 0.7509025270758123, 0.65, 0.651685393258427
973, 0.7509025270758123, 0.65, 0.651685393258427
974, 0.7509025270758123, 0.65, 0.651685393258427
975, 0.7509025270758123, 0.65, 0.651685393258427
976, 0.7509025270758123, 0.65, 0.651685393258427
977, 0.7509025270758123, 0.65, 0.651685393258427
978, 0.7509025270758123, 0.65, 0.651685393258427
979, 0.7509025270758123, 0.65, 0.651685393258427
35	0	3	0	1	2	
0	2	6	0	3	7	
1	0	28	2	4	2	
2	0	3	14	0	0	
0	0	6	3	4	4	
0	0	7	0	6	33	
980, 0.7490974729241877, 0.65, 0.651685393258427
981, 0.7490974729241877, 0.65, 0.651685393258427
982, 0.7490974729241877, 0.65, 0.651685393258427
983, 0.7490974729241877, 0.65, 0.651685393258427
984, 0.7490974729241877, 0.65, 0.651685393258427
985, 0.7509025270758123, 0.65, 0.651685393258427
986, 0.7509025270758123, 0.65, 0.651685393258427
987, 0.7545126353790613, 0.65, 0.6573033707865169
988, 0.7527075812274369, 0.6444444444444445, 0.6573033707865169
989, 0.7581227436823105, 0.65, 0.6685393258426966
990, 0.7509025270758123, 0.65, 0.6685393258426966
991, 0.7563176895306859, 0.65, 0.6685393258426966
992, 0.7563176895306859, 0.6444444444444445, 0.6685393258426966
993, 0.7563176895306859, 0.6444444444444445, 0.6685393258426966
994, 0.7563176895306859, 0.6388888888888888, 0.6685393258426966
995, 0.7563176895306859, 0.6388888888888888, 0.6685393258426966
996, 0.7563176895306859, 0.6388888888888888, 0.6685393258426966
997, 0.759927797833935, 0.6388888888888888, 0.6629213483146067
998, 0.7563176895306859, 0.6388888888888888, 0.6629213483146067
999, 0.7581227436823105, 0.6388888888888888, 0.6685393258426966
35	0	3	0	1	2	
0	2	6	0	4	6	
1	0	29	2	3	2	
2	0	3	14	0	0	
0	0	6	2	6	3	
0	0	7	0	6	33	
1000, 0.7581227436823105, 0.6388888888888888, 0.6685393258426966
1001, 0.7581227436823105, 0.6388888888888888, 0.6629213483146067
1002, 0.7581227436823105, 0.6388888888888888, 0.6629213483146067
1003, 0.759927797833935, 0.6388888888888888, 0.6629213483146067
1004, 0.7581227436823105, 0.6444444444444445, 0.6629213483146067
1005, 0.7581227436823105, 0.6444444444444445, 0.6629213483146067
1006, 0.759927797833935, 0.6444444444444445, 0.6629213483146067
1007, 0.7581227436823105, 0.6444444444444445, 0.6629213483146067
1008, 0.759927797833935, 0.6444444444444445, 0.6629213483146067
1009, 0.759927797833935, 0.6444444444444445, 0.6629213483146067
1010, 0.759927797833935, 0.6444444444444445, 0.6573033707865169
1011, 0.7617328519855595, 0.6444444444444445, 0.6573033707865169
1012, 0.759927797833935, 0.6444444444444445, 0.6573033707865169
1013, 0.759927797833935, 0.6444444444444445, 0.6573033707865169
1014, 0.759927797833935, 0.65, 0.6629213483146067
1015, 0.759927797833935, 0.65, 0.6629213483146067
1016, 0.759927797833935, 0.65, 0.6685393258426966
1017, 0.759927797833935, 0.65, 0.6629213483146067
1018, 0.759927797833935, 0.65, 0.6685393258426966
1019, 0.759927797833935, 0.65, 0.6629213483146067
33	1	3	0	2	2	
0	4	5	0	4	5	
1	0	29	2	3	2	
1	1	3	14	0	0	
0	0	6	3	5	3	
0	0	7	0	6	33	
1020, 0.759927797833935, 0.65, 0.6629213483146067
1021, 0.7581227436823105, 0.65, 0.6685393258426966
1022, 0.759927797833935, 0.65, 0.6741573033707865
1023, 0.7617328519855595, 0.65, 0.6741573033707865
1024, 0.759927797833935, 0.65, 0.6741573033707865
1025, 0.7617328519855595, 0.65, 0.6741573033707865
1026, 0.7635379061371841, 0.65, 0.6741573033707865
1027, 0.7635379061371841, 0.65, 0.6741573033707865
1028, 0.7653429602888087, 0.65, 0.6741573033707865
1029, 0.7635379061371841, 0.6444444444444445, 0.6797752808988764
1030, 0.7635379061371841, 0.6444444444444445, 0.6797752808988764
1031, 0.7635379061371841, 0.6444444444444445, 0.6797752808988764
1032, 0.7635379061371841, 0.6444444444444445, 0.6741573033707865
1033, 0.7635379061371841, 0.6444444444444445, 0.6741573033707865
1034, 0.7635379061371841, 0.6444444444444445, 0.6741573033707865
1035, 0.7617328519855595, 0.6444444444444445, 0.6741573033707865
1036, 0.7617328519855595, 0.6444444444444445, 0.6741573033707865
1037, 0.7617328519855595, 0.6444444444444445, 0.6685393258426966
1038, 0.7617328519855595, 0.6444444444444445, 0.6685393258426966
1039, 0.7635379061371841, 0.65, 0.6685393258426966
35	0	3	0	1	2	
0	4	5	0	4	5	
1	0	29	3	3	1	
2	0	3	14	0	0	
0	0	6	3	5	3	
0	0	7	0	6	33	
1040, 0.7653429602888087, 0.65, 0.6741573033707865
1041, 0.7671480144404332, 0.65, 0.6741573033707865
1042, 0.7689530685920578, 0.65, 0.6741573033707865
1043, 0.7689530685920578, 0.65, 0.6741573033707865
1044, 0.7689530685920578, 0.65, 0.6685393258426966
1045, 0.7707581227436823, 0.65, 0.6741573033707865
1046, 0.7707581227436823, 0.65, 0.6797752808988764
1047, 0.7725631768953068, 0.6555555555555556, 0.6797752808988764
1048, 0.7707581227436823, 0.6611111111111111, 0.6797752808988764
1049, 0.7707581227436823, 0.6611111111111111, 0.6797752808988764
1050, 0.7707581227436823, 0.6611111111111111, 0.6797752808988764
1051, 0.7707581227436823, 0.6666666666666666, 0.6797752808988764
1052, 0.7707581227436823, 0.6666666666666666, 0.6797752808988764
1053, 0.7743682310469314, 0.6555555555555556, 0.6853932584269663
1054, 0.7707581227436823, 0.6666666666666666, 0.6741573033707865
1055, 0.7743682310469314, 0.6666666666666666, 0.6797752808988764
1056, 0.7725631768953068, 0.6722222222222223, 0.6797752808988764
1057, 0.7743682310469314, 0.6722222222222223, 0.6797752808988764
1058, 0.7725631768953068, 0.6722222222222223, 0.6797752808988764
1059, 0.7725631768953068, 0.6722222222222223, 0.6797752808988764
36	0	4	0	0	1	
1	3	6	0	3	5	
2	0	29	2	3	1	
2	0	3	14	0	0	
0	0	6	2	6	3	
0	0	8	0	6	32	
1060, 0.7725631768953068, 0.6722222222222223, 0.6741573033707865
1061, 0.7725631768953068, 0.6722222222222223, 0.6741573033707865
1062, 0.7725631768953068, 0.6722222222222223, 0.6741573033707865
1063, 0.7725631768953068, 0.6722222222222223, 0.6741573033707865
1064, 0.7743682310469314, 0.6722222222222223, 0.6741573033707865
1065, 0.7725631768953068, 0.6722222222222223, 0.6797752808988764
1066, 0.7725631768953068, 0.6722222222222223, 0.6741573033707865
1067, 0.7725631768953068, 0.6722222222222223, 0.6741573033707865
1068, 0.7725631768953068, 0.6722222222222223, 0.6741573033707865
1069, 0.776173285198556, 0.6666666666666666, 0.6797752808988764
1070, 0.7743682310469314, 0.6722222222222223, 0.6797752808988764
1071, 0.7743682310469314, 0.6722222222222223, 0.6797752808988764
1072, 0.776173285198556, 0.6722222222222223, 0.6797752808988764
1073, 0.776173285198556, 0.6666666666666666, 0.6797752808988764
1074, 0.7743682310469314, 0.6722222222222223, 0.6797752808988764
1075, 0.7743682310469314, 0.6722222222222223, 0.6741573033707865
1076, 0.7743682310469314, 0.6666666666666666, 0.6685393258426966
1077, 0.776173285198556, 0.6666666666666666, 0.6685393258426966
1078, 0.7779783393501805, 0.6666666666666666, 0.6685393258426966
1079, 0.7779783393501805, 0.6666666666666666, 0.6685393258426966
36	0	4	0	0	1	
1	3	6	0	3	5	
2	0	29	3	2	1	
2	0	3	14	0	0	
0	0	6	3	5	3	
1	0	8	0	5	32	
1080, 0.7779783393501805, 0.6666666666666666, 0.6685393258426966
1081, 0.7779783393501805, 0.6666666666666666, 0.6685393258426966
1082, 0.7779783393501805, 0.6666666666666666, 0.6685393258426966
1083, 0.7779783393501805, 0.6666666666666666, 0.6685393258426966
1084, 0.7779783393501805, 0.6722222222222223, 0.6685393258426966
1085, 0.7779783393501805, 0.6722222222222223, 0.6685393258426966
1086, 0.7779783393501805, 0.6722222222222223, 0.6685393258426966
1087, 0.7779783393501805, 0.6722222222222223, 0.6685393258426966
1088, 0.7779783393501805, 0.6777777777777778, 0.6685393258426966
1089, 0.776173285198556, 0.6777777777777778, 0.6685393258426966
1090, 0.7779783393501805, 0.6777777777777778, 0.6685393258426966
1091, 0.779783393501805, 0.6777777777777778, 0.6629213483146067
1092, 0.779783393501805, 0.6777777777777778, 0.6629213483146067
1093, 0.779783393501805, 0.6777777777777778, 0.6629213483146067
1094, 0.779783393501805, 0.6777777777777778, 0.6629213483146067
1095, 0.779783393501805, 0.6777777777777778, 0.6573033707865169
1096, 0.779783393501805, 0.6777777777777778, 0.6573033707865169
1097, 0.7779783393501805, 0.6833333333333333, 0.6573033707865169
1098, 0.7779783393501805, 0.6833333333333333, 0.6573033707865169
1099, 0.7779783393501805, 0.6833333333333333, 0.6573033707865169
36	0	4	0	0	1	
1	3	6	0	3	5	
2	0	28	3	3	1	
2	0	3	14	0	0	
0	0	7	3	4	3	
1	0	8	0	5	32	
1100, 0.779783393501805, 0.6833333333333333, 0.6573033707865169
1101, 0.7815884476534296, 0.6888888888888889, 0.6573033707865169
1102, 0.7815884476534296, 0.6888888888888889, 0.6573033707865169
1103, 0.7815884476534296, 0.6888888888888889, 0.6573033707865169
1104, 0.7815884476534296, 0.6888888888888889, 0.6573033707865169
1105, 0.7815884476534296, 0.6888888888888889, 0.6573033707865169
1106, 0.7815884476534296, 0.6888888888888889, 0.6573033707865169
1107, 0.7815884476534296, 0.6888888888888889, 0.6573033707865169
1108, 0.7815884476534296, 0.6888888888888889, 0.6573033707865169
1109, 0.7815884476534296, 0.6888888888888889, 0.6573033707865169
1110, 0.7815884476534296, 0.6888888888888889, 0.6573033707865169
1111, 0.7833935018050542, 0.6888888888888889, 0.6573033707865169
1112, 0.7833935018050542, 0.6888888888888889, 0.6573033707865169
1113, 0.7833935018050542, 0.6888888888888889, 0.6573033707865169
1114, 0.7833935018050542, 0.6888888888888889, 0.6629213483146067
1115, 0.7833935018050542, 0.6888888888888889, 0.6629213483146067
1116, 0.7851985559566786, 0.6944444444444444, 0.6629213483146067
1117, 0.7851985559566786, 0.6944444444444444, 0.6629213483146067
1118, 0.7851985559566786, 0.6944444444444444, 0.6629213483146067
1119, 0.7851985559566786, 0.6944444444444444, 0.6629213483146067
36	0	4	0	0	1	
1	4	6	0	3	4	
2	0	28	3	3	1	
2	0	3	14	0	0	
0	0	7	3	4	3	
1	1	8	0	4	32	
1120, 0.7851985559566786, 0.6944444444444444, 0.6629213483146067
1121, 0.7851985559566786, 0.6944444444444444, 0.6629213483146067
1122, 0.7851985559566786, 0.7, 0.6629213483146067
1123, 0.7851985559566786, 0.6944444444444444, 0.6629213483146067
1124, 0.7870036101083032, 0.6888888888888889, 0.6685393258426966
1125, 0.7888086642599278, 0.6944444444444444, 0.6685393258426966
1126, 0.7851985559566786, 0.6888888888888889, 0.6685393258426966
1127, 0.7942238267148014, 0.6833333333333333, 0.6741573033707865
1128, 0.7870036101083032, 0.7, 0.6741573033707865
1129, 0.7906137184115524, 0.6944444444444444, 0.6741573033707865
1130, 0.7870036101083032, 0.7, 0.6741573033707865
1131, 0.7870036101083032, 0.7, 0.6741573033707865
1132, 0.7888086642599278, 0.6944444444444444, 0.6685393258426966
1133, 0.7870036101083032, 0.6944444444444444, 0.6629213483146067
1134, 0.7851985559566786, 0.6944444444444444, 0.6685393258426966
1135, 0.7851985559566786, 0.6944444444444444, 0.6685393258426966
1136, 0.7851985559566786, 0.6944444444444444, 0.6741573033707865
1137, 0.7851985559566786, 0.6944444444444444, 0.6741573033707865
1138, 0.7888086642599278, 0.6944444444444444, 0.6741573033707865
1139, 0.796028880866426, 0.7, 0.6685393258426966
36	0	4	0	0	1	
1	4	6	0	3	4	
2	0	28	3	3	1	
2	0	3	14	0	0	
0	0	7	3	4	3	
1	1	8	0	3	33	
1140, 0.796028880866426, 0.7, 0.6685393258426966
1141, 0.796028880866426, 0.7, 0.6629213483146067
1142, 0.796028880866426, 0.7, 0.6629213483146067
1143, 0.796028880866426, 0.7, 0.6685393258426966
1144, 0.7888086642599278, 0.7, 0.6685393258426966
1145, 0.796028880866426, 0.7055555555555556, 0.6741573033707865
1146, 0.796028880866426, 0.7, 0.6797752808988764
1147, 0.7996389891696751, 0.7055555555555556, 0.6685393258426966
1148, 0.7924187725631769, 0.7111111111111111, 0.6685393258426966
1149, 0.7924187725631769, 0.7111111111111111, 0.6685393258426966
1150, 0.796028880866426, 0.7166666666666667, 0.6685393258426966
1151, 0.7978339350180506, 0.7111111111111111, 0.6685393258426966
1152, 0.7906137184115524, 0.7111111111111111, 0.6685393258426966
1153, 0.7942238267148014, 0.7055555555555556, 0.6685393258426966
1154, 0.8014440433212996, 0.7055555555555556, 0.6853932584269663
1155, 0.7942238267148014, 0.7166666666666667, 0.6741573033707865
1156, 0.7942238267148014, 0.7055555555555556, 0.6741573033707865
1157, 0.7978339350180506, 0.7111111111111111, 0.6797752808988764
1158, 0.7978339350180506, 0.7, 0.6741573033707865
1159, 0.8032490974729242, 0.7111111111111111, 0.6797752808988764
37	0	3	0	0	1	
1	5	6	0	2	4	
2	0	27	4	3	1	
2	0	3	14	0	0	
0	0	7	3	4	3	
1	1	8	0	3	33	
1160, 0.796028880866426, 0.7, 0.6741573033707865
1161, 0.7996389891696751, 0.7, 0.6741573033707865
1162, 0.7978339350180506, 0.7055555555555556, 0.6797752808988764
1163, 0.7996389891696751, 0.7111111111111111, 0.6797752808988764
1164, 0.8032490974729242, 0.7055555555555556, 0.6966292134831461
1165, 0.8032490974729242, 0.7111111111111111, 0.6797752808988764
1166, 0.8032490974729242, 0.7111111111111111, 0.6853932584269663
1167, 0.8032490974729242, 0.7111111111111111, 0.6853932584269663
1168, 0.8032490974729242, 0.7111111111111111, 0.6797752808988764
1169, 0.7996389891696751, 0.7111111111111111, 0.6797752808988764
1170, 0.8014440433212996, 0.6944444444444444, 0.6853932584269663
1171, 0.8032490974729242, 0.7111111111111111, 0.6853932584269663
1172, 0.8032490974729242, 0.7111111111111111, 0.6797752808988764
1173, 0.7996389891696751, 0.7111111111111111, 0.6853932584269663
1174, 0.7996389891696751, 0.7111111111111111, 0.6797752808988764
1175, 0.8032490974729242, 0.7, 0.6853932584269663
1176, 0.8032490974729242, 0.7111111111111111, 0.6910112359550562
1177, 0.8032490974729242, 0.7166666666666667, 0.6910112359550562
1178, 0.8032490974729242, 0.7055555555555556, 0.6797752808988764
1179, 0.8032490974729242, 0.7055555555555556, 0.6797752808988764
37	0	3	0	0	1	
1	6	6	0	1	4	
2	0	27	4	3	1	
2	0	3	14	0	0	
0	0	6	3	5	3	
1	1	8	0	3	33	
1180, 0.8050541516245487, 0.7055555555555556, 0.6853932584269663
1181, 0.8014440433212996, 0.7, 0.6853932584269663
1182, 0.8068592057761733, 0.7, 0.6853932584269663
1183, 0.8068592057761733, 0.7111111111111111, 0.6910112359550562
1184, 0.8050541516245487, 0.7, 0.6853932584269663
1185, 0.8050541516245487, 0.7166666666666667, 0.6910112359550562
1186, 0.8086642599277978, 0.6944444444444444, 0.6853932584269663
1187, 0.8068592057761733, 0.7, 0.6853932584269663
1188, 0.8068592057761733, 0.7111111111111111, 0.6910112359550562
1189, 0.8068592057761733, 0.7055555555555556, 0.6910112359550562
1190, 0.8068592057761733, 0.7055555555555556, 0.6910112359550562
1191, 0.8086642599277978, 0.7055555555555556, 0.6910112359550562
1192, 0.8086642599277978, 0.7166666666666667, 0.6910112359550562
1193, 0.8068592057761733, 0.7166666666666667, 0.6910112359550562
1194, 0.8068592057761733, 0.7, 0.6910112359550562
1195, 0.7996389891696751, 0.7, 0.6853932584269663
1196, 0.8086642599277978, 0.7, 0.6910112359550562
1197, 0.8068592057761733, 0.7, 0.6853932584269663
1198, 0.8068592057761733, 0.7, 0.6910112359550562
1199, 0.8068592057761733, 0.7, 0.6853932584269663
37	0	3	0	0	1	
1	6	6	0	1	4	
2	0	27	4	3	1	
2	0	3	14	0	0	
0	0	6	3	5	3	
1	2	7	0	2	34	
1200, 0.8068592057761733, 0.7055555555555556, 0.6910112359550562
1201, 0.8068592057761733, 0.7, 0.6910112359550562
1202, 0.8068592057761733, 0.7055555555555556, 0.6910112359550562
1203, 0.8068592057761733, 0.7055555555555556, 0.6910112359550562
1204, 0.8068592057761733, 0.7111111111111111, 0.6910112359550562
1205, 0.8068592057761733, 0.7166666666666667, 0.6853932584269663
1206, 0.8068592057761733, 0.7166666666666667, 0.6853932584269663
1207, 0.8050541516245487, 0.7055555555555556, 0.6797752808988764
1208, 0.8086642599277978, 0.7166666666666667, 0.6797752808988764
1209, 0.8086642599277978, 0.7166666666666667, 0.6797752808988764
1210, 0.8068592057761733, 0.7166666666666667, 0.6797752808988764
1211, 0.8086642599277978, 0.7166666666666667, 0.6797752808988764
1212, 0.8086642599277978, 0.7277777777777777, 0.6853932584269663
1213, 0.8122743682310469, 0.7, 0.6966292134831461
1214, 0.8086642599277978, 0.7277777777777777, 0.6853932584269663
1215, 0.8086642599277978, 0.7166666666666667, 0.6797752808988764
1216, 0.8086642599277978, 0.7166666666666667, 0.6853932584269663
1217, 0.8086642599277978, 0.7222222222222222, 0.6853932584269663
1218, 0.8086642599277978, 0.7222222222222222, 0.6853932584269663
1219, 0.8122743682310469, 0.7166666666666667, 0.6966292134831461
36	0	3	0	1	1	
1	5	5	0	2	5	
2	0	27	4	3	1	
2	0	3	14	0	0	
0	0	6	3	5	3	
1	2	7	0	2	34	
1220, 0.8086642599277978, 0.7166666666666667, 0.6797752808988764
1221, 0.8068592057761733, 0.7166666666666667, 0.6853932584269663
1222, 0.8068592057761733, 0.6888888888888889, 0.6966292134831461
1223, 0.8122743682310469, 0.7222222222222222, 0.6910112359550562
1224, 0.8122743682310469, 0.7222222222222222, 0.6910112359550562
1225, 0.8122743682310469, 0.7166666666666667, 0.6966292134831461
1226, 0.8122743682310469, 0.7222222222222222, 0.6966292134831461
1227, 0.8158844765342961, 0.7111111111111111, 0.6966292134831461
1228, 0.8140794223826715, 0.7166666666666667, 0.6910112359550562
1229, 0.8122743682310469, 0.7, 0.6966292134831461
1230, 0.8122743682310469, 0.7, 0.6966292134831461
1231, 0.8122743682310469, 0.7222222222222222, 0.7078651685393258
1232, 0.8122743682310469, 0.7, 0.6966292134831461
1233, 0.8122743682310469, 0.7222222222222222, 0.7078651685393258
1234, 0.8104693140794224, 0.7166666666666667, 0.702247191011236
1235, 0.8068592057761733, 0.7111111111111111, 0.6853932584269663
1236, 0.8140794223826715, 0.7055555555555556, 0.6966292134831461
1237, 0.8050541516245487, 0.7111111111111111, 0.6966292134831461
1238, 0.8104693140794224, 0.7111111111111111, 0.6853932584269663
1239, 0.8032490974729242, 0.6944444444444444, 0.6853932584269663
36	0	3	0	1	1	
0	8	5	0	1	4	
1	0	29	3	3	1	
2	0	3	14	0	0	
0	0	6	3	5	3	
1	2	8	0	2	33	
1240, 0.8122743682310469, 0.7166666666666667, 0.702247191011236
1241, 0.8086642599277978, 0.7111111111111111, 0.702247191011236
1242, 0.8104693140794224, 0.7111111111111111, 0.6966292134831461
1243, 0.8122743682310469, 0.7166666666666667, 0.702247191011236
1244, 0.8122743682310469, 0.7055555555555556, 0.6966292134831461
1245, 0.8086642599277978, 0.6944444444444444, 0.6853932584269663
1246, 0.8122743682310469, 0.7111111111111111, 0.702247191011236
1247, 0.8068592057761733, 0.7, 0.6853932584269663
1248, 0.8140794223826715, 0.7111111111111111, 0.6966292134831461
1249, 0.8068592057761733, 0.7, 0.6910112359550562
1250, 0.8068592057761733, 0.6944444444444444, 0.6966292134831461
1251, 0.8068592057761733, 0.7, 0.6966292134831461
1252, 0.8086642599277978, 0.7, 0.6966292134831461
1253, 0.8104693140794224, 0.7111111111111111, 0.6966292134831461
1254, 0.8086642599277978, 0.6888888888888889, 0.6910112359550562
1255, 0.8086642599277978, 0.7111111111111111, 0.6797752808988764
1256, 0.8086642599277978, 0.7, 0.6966292134831461
1257, 0.8032490974729242, 0.6944444444444444, 0.6797752808988764
1258, 0.8122743682310469, 0.7055555555555556, 0.702247191011236
1259, 0.8068592057761733, 0.6944444444444444, 0.6966292134831461
35	0	4	0	1	1	
0	5	8	0	1	4	
1	0	30	2	3	1	
2	0	3	14	0	0	
0	0	7	3	4	3	
1	3	8	0	1	33	
1260, 0.8086642599277978, 0.7111111111111111, 0.6797752808988764
1261, 0.8068592057761733, 0.7111111111111111, 0.6797752808988764
1262, 0.8140794223826715, 0.7111111111111111, 0.6966292134831461
1263, 0.8140794223826715, 0.7111111111111111, 0.6910112359550562
1264, 0.8140794223826715, 0.7111111111111111, 0.6910112359550562
1265, 0.8104693140794224, 0.7111111111111111, 0.6910112359550562
1266, 0.8104693140794224, 0.7111111111111111, 0.702247191011236
1267, 0.8104693140794224, 0.7222222222222222, 0.6910112359550562
1268, 0.8104693140794224, 0.7111111111111111, 0.6966292134831461
1269, 0.8140794223826715, 0.7111111111111111, 0.6966292134831461
1270, 0.8104693140794224, 0.7222222222222222, 0.6910112359550562
1271, 0.8122743682310469, 0.7111111111111111, 0.6910112359550562
1272, 0.8104693140794224, 0.7111111111111111, 0.6853932584269663
1273, 0.8104693140794224, 0.7111111111111111, 0.6853932584269663
1274, 0.8104693140794224, 0.7111111111111111, 0.6966292134831461
1275, 0.8104693140794224, 0.7055555555555556, 0.6966292134831461
1276, 0.8104693140794224, 0.7055555555555556, 0.6966292134831461
1277, 0.8086642599277978, 0.7055555555555556, 0.6910112359550562
1278, 0.8194945848375451, 0.7111111111111111, 0.6966292134831461
1279, 0.8086642599277978, 0.7055555555555556, 0.6853932584269663
35	0	4	0	1	1	
0	8	5	0	1	4	
1	0	30	2	3	1	
2	0	3	14	0	0	
0	0	7	3	4	3	
1	3	8	0	1	33	
1280, 0.8122743682310469, 0.7166666666666667, 0.6966292134831461
1281, 0.8140794223826715, 0.7111111111111111, 0.6966292134831461
1282, 0.8122743682310469, 0.7055555555555556, 0.6910112359550562
1283, 0.8140794223826715, 0.7, 0.7078651685393258
1284, 0.8086642599277978, 0.6888888888888889, 0.6966292134831461
1285, 0.8122743682310469, 0.6944444444444444, 0.702247191011236
1286, 0.8158844765342961, 0.7111111111111111, 0.7078651685393258
1287, 0.8176895306859205, 0.7055555555555556, 0.7078651685393258
1288, 0.8158844765342961, 0.7111111111111111, 0.6966292134831461
1289, 0.8176895306859205, 0.7055555555555556, 0.7078651685393258
1290, 0.8140794223826715, 0.7111111111111111, 0.7078651685393258
1291, 0.8176895306859205, 0.7166666666666667, 0.702247191011236
1292, 0.8158844765342961, 0.7111111111111111, 0.7078651685393258
1293, 0.8194945848375451, 0.7222222222222222, 0.7134831460674157
1294, 0.8231046931407943, 0.7333333333333333, 0.702247191011236
1295, 0.8158844765342961, 0.7166666666666667, 0.7078651685393258
1296, 0.8194945848375451, 0.7166666666666667, 0.7134831460674157
1297, 0.8212996389891697, 0.7222222222222222, 0.7134831460674157
1298, 0.8212996389891697, 0.7222222222222222, 0.7134831460674157
1299, 0.8212996389891697, 0.7222222222222222, 0.7134831460674157
37	0	2	0	1	1	
0	8	4	0	1	5	
1	0	29	3	3	1	
2	0	3	14	0	0	
0	0	6	3	5	3	
1	3	7	0	1	34	
1300, 0.8140794223826715, 0.7166666666666667, 0.7134831460674157
1301, 0.8176895306859205, 0.7166666666666667, 0.7134831460674157
1302, 0.8212996389891697, 0.7166666666666667, 0.7078651685393258
1303, 0.8212996389891697, 0.7222222222222222, 0.7078651685393258
1304, 0.8231046931407943, 0.7222222222222222, 0.702247191011236
1305, 0.8249097472924187, 0.7222222222222222, 0.702247191011236
1306, 0.8212996389891697, 0.7166666666666667, 0.702247191011236
1307, 0.8212996389891697, 0.7166666666666667, 0.702247191011236
1308, 0.8176895306859205, 0.7166666666666667, 0.702247191011236
1309, 0.8194945848375451, 0.7111111111111111, 0.6966292134831461
1310, 0.8158844765342961, 0.7111111111111111, 0.702247191011236
1311, 0.8158844765342961, 0.7111111111111111, 0.702247191011236
1312, 0.8158844765342961, 0.7111111111111111, 0.702247191011236
1313, 0.8176895306859205, 0.7111111111111111, 0.7078651685393258
1314, 0.8176895306859205, 0.7222222222222222, 0.6966292134831461
1315, 0.8140794223826715, 0.7166666666666667, 0.702247191011236
1316, 0.8122743682310469, 0.7111111111111111, 0.6966292134831461
1317, 0.8122743682310469, 0.7111111111111111, 0.702247191011236
1318, 0.8122743682310469, 0.7055555555555556, 0.6910112359550562
1319, 0.8140794223826715, 0.7, 0.702247191011236
35	0	3	0	1	2	
0	7	4	0	1	6	
1	0	27	5	3	1	
2	0	3	14	0	0	
0	0	6	3	5	3	
1	3	7	0	1	34	
1320, 0.8104693140794224, 0.7055555555555556, 0.6853932584269663
1321, 0.8122743682310469, 0.7, 0.6910112359550562
1322, 0.8122743682310469, 0.7, 0.6797752808988764
1323, 0.8104693140794224, 0.7, 0.6853932584269663
1324, 0.8086642599277978, 0.7, 0.6853932584269663
1325, 0.8086642599277978, 0.7, 0.6853932584269663
1326, 0.8086642599277978, 0.7, 0.6853932584269663
1327, 0.8086642599277978, 0.7055555555555556, 0.6741573033707865
1328, 0.8068592057761733, 0.7055555555555556, 0.6685393258426966
1329, 0.8104693140794224, 0.7055555555555556, 0.6741573033707865
1330, 0.8122743682310469, 0.7055555555555556, 0.6741573033707865
1331, 0.8104693140794224, 0.7055555555555556, 0.6685393258426966
1332, 0.8104693140794224, 0.7055555555555556, 0.6685393258426966
1333, 0.8104693140794224, 0.7, 0.6685393258426966
1334, 0.8104693140794224, 0.6944444444444444, 0.6629213483146067
1335, 0.8104693140794224, 0.7, 0.6685393258426966
1336, 0.8068592057761733, 0.6944444444444444, 0.6797752808988764
1337, 0.8104693140794224, 0.7055555555555556, 0.6797752808988764
1338, 0.8086642599277978, 0.7, 0.6629213483146067
1339, 0.8050541516245487, 0.7055555555555556, 0.6629213483146067
36	0	3	0	1	1	
0	5	5	0	3	5	
1	0	28	4	3	1	
2	0	3	14	0	0	
0	0	6	3	5	3	
1	3	7	0	2	33	
1340, 0.8068592057761733, 0.7, 0.6797752808988764
1341, 0.8104693140794224, 0.7055555555555556, 0.6797752808988764
1342, 0.8086642599277978, 0.7111111111111111, 0.6797752808988764
1343, 0.8068592057761733, 0.7, 0.6741573033707865
1344, 0.8068592057761733, 0.7, 0.6797752808988764
1345, 0.8104693140794224, 0.7111111111111111, 0.6853932584269663
1346, 0.8122743682310469, 0.7111111111111111, 0.6910112359550562
1347, 0.8122743682310469, 0.7111111111111111, 0.6910112359550562
1348, 0.8086642599277978, 0.7111111111111111, 0.6797752808988764
1349, 0.8086642599277978, 0.7111111111111111, 0.6797752808988764
1350, 0.8104693140794224, 0.7055555555555556, 0.6910112359550562
1351, 0.8104693140794224, 0.7055555555555556, 0.6910112359550562
1352, 0.8104693140794224, 0.7, 0.6853932584269663
1353, 0.8104693140794224, 0.7, 0.6797752808988764
1354, 0.8086642599277978, 0.7, 0.6741573033707865
1355, 0.8140794223826715, 0.6944444444444444, 0.6853932584269663
1356, 0.8122743682310469, 0.6888888888888889, 0.6910112359550562
1357, 0.8104693140794224, 0.6888888888888889, 0.6910112359550562
1358, 0.8068592057761733, 0.6944444444444444, 0.6741573033707865
1359, 0.8086642599277978, 0.7, 0.6741573033707865
36	0	3	0	2	0	
2	5	5	0	2	4	
1	0	30	2	3	1	
2	0	3	14	0	0	
0	0	6	3	5	3	
1	2	8	0	3	32	
1360, 0.8122743682310469, 0.6888888888888889, 0.6853932584269663
1361, 0.8068592057761733, 0.6944444444444444, 0.6741573033707865
1362, 0.8086642599277978, 0.6944444444444444, 0.6741573033707865
1363, 0.8104693140794224, 0.7111111111111111, 0.6741573033707865
1364, 0.8032490974729242, 0.6944444444444444, 0.6797752808988764
1365, 0.8104693140794224, 0.6888888888888889, 0.6910112359550562
1366, 0.8050541516245487, 0.6888888888888889, 0.6741573033707865
1367, 0.8032490974729242, 0.6888888888888889, 0.6741573033707865
1368, 0.8032490974729242, 0.6944444444444444, 0.6797752808988764
1369, 0.8032490974729242, 0.6888888888888889, 0.6797752808988764
1370, 0.8032490974729242, 0.6944444444444444, 0.6741573033707865
1371, 0.8104693140794224, 0.6888888888888889, 0.6853932584269663
1372, 0.8086642599277978, 0.6888888888888889, 0.6853932584269663
1373, 0.8050541516245487, 0.6888888888888889, 0.6853932584269663
1374, 0.8068592057761733, 0.7, 0.6910112359550562
1375, 0.8068592057761733, 0.7, 0.6910112359550562
1376, 0.8032490974729242, 0.7, 0.6741573033707865
1377, 0.7996389891696751, 0.6944444444444444, 0.6741573033707865
1378, 0.7996389891696751, 0.7, 0.6853932584269663
1379, 0.7996389891696751, 0.7, 0.6797752808988764
36	0	3	1	0	1	
1	5	5	0	3	4	
1	0	28	4	3	1	
2	0	3	14	0	0	
0	0	6	3	5	3	
1	1	8	2	2	32	
1380, 0.8068592057761733, 0.7111111111111111, 0.6741573033707865
1381, 0.8014440433212996, 0.7, 0.6853932584269663
1382, 0.7996389891696751, 0.7055555555555556, 0.6741573033707865
1383, 0.8014440433212996, 0.7055555555555556, 0.6797752808988764
1384, 0.8086642599277978, 0.7166666666666667, 0.6797752808988764
1385, 0.8050541516245487, 0.7222222222222222, 0.6853932584269663
1386, 0.8104693140794224, 0.7166666666666667, 0.6853932584269663
1387, 0.8086642599277978, 0.7222222222222222, 0.6797752808988764
1388, 0.8068592057761733, 0.6944444444444444, 0.6853932584269663
1389, 0.8104693140794224, 0.7111111111111111, 0.6797752808988764
1390, 0.8086642599277978, 0.7111111111111111, 0.6797752808988764
1391, 0.8122743682310469, 0.7055555555555556, 0.6853932584269663
1392, 0.8086642599277978, 0.7, 0.6797752808988764
1393, 0.8086642599277978, 0.7222222222222222, 0.6853932584269663
1394, 0.8068592057761733, 0.7166666666666667, 0.6797752808988764
1395, 0.8122743682310469, 0.7166666666666667, 0.6797752808988764
1396, 0.8122743682310469, 0.7222222222222222, 0.6797752808988764
1397, 0.8122743682310469, 0.7166666666666667, 0.6797752808988764
1398, 0.8104693140794224, 0.7166666666666667, 0.6797752808988764
1399, 0.8122743682310469, 0.7055555555555556, 0.6853932584269663
36	0	2	1	0	2	
1	5	5	0	2	5	
1	0	28	4	3	1	
2	0	3	14	0	0	
0	0	6	3	5	3	
1	1	7	2	1	34	
1400, 0.8140794223826715, 0.7111111111111111, 0.6853932584269663
1401, 0.8140794223826715, 0.7166666666666667, 0.6741573033707865
1402, 0.8122743682310469, 0.7222222222222222, 0.6797752808988764
1403, 0.8140794223826715, 0.7277777777777777, 0.6853932584269663
1404, 0.8104693140794224, 0.7166666666666667, 0.6797752808988764
1405, 0.8086642599277978, 0.7055555555555556, 0.6853932584269663
1406, 0.8140794223826715, 0.7166666666666667, 0.6797752808988764
1407, 0.7978339350180506, 0.6944444444444444, 0.6797752808988764
1408, 0.8158844765342961, 0.7111111111111111, 0.6797752808988764
1409, 0.8158844765342961, 0.7222222222222222, 0.6741573033707865
1410, 0.8104693140794224, 0.7166666666666667, 0.6741573033707865
1411, 0.8122743682310469, 0.7222222222222222, 0.6910112359550562
1412, 0.7996389891696751, 0.6944444444444444, 0.6797752808988764
1413, 0.8158844765342961, 0.7277777777777777, 0.6685393258426966
1414, 0.8176895306859205, 0.7166666666666667, 0.6685393258426966
1415, 0.8158844765342961, 0.7222222222222222, 0.6741573033707865
1416, 0.8104693140794224, 0.7222222222222222, 0.6797752808988764
1417, 0.8140794223826715, 0.7222222222222222, 0.6741573033707865
1418, 0.8158844765342961, 0.7277777777777777, 0.6741573033707865
1419, 0.8104693140794224, 0.7, 0.6685393258426966
36	0	3	1	1	0	
1	5	5	0	4	3	
1	0	28	4	3	1	
1	0	3	15	0	0	
0	0	6	3	5	3	
1	1	8	2	2	32	
1420, 0.8050541516245487, 0.7, 0.6797752808988764