0, 0.26353790613718414, 0.2611111111111111, 0.25842696629213485
1, 0.26353790613718414, 0.2611111111111111, 0.25842696629213485
2, 0.26353790613718414, 0.2611111111111111, 0.25842696629213485
3, 0.26353790613718414, 0.2611111111111111, 0.25842696629213485
4, 0.26353790613718414, 0.2611111111111111, 0.25842696629213485
5, 0.26353790613718414, 0.2611111111111111, 0.25842696629213485
6, 0.26353790613718414, 0.2611111111111111, 0.25842696629213485
7, 0.26353790613718414, 0.2611111111111111, 0.25842696629213485
8, 0.26353790613718414, 0.2611111111111111, 0.25842696629213485
9, 0.26353790613718414, 0.2611111111111111, 0.25842696629213485
10, 0.26353790613718414, 0.2611111111111111, 0.25842696629213485
11, 0.26353790613718414, 0.2611111111111111, 0.25842696629213485
12, 0.26353790613718414, 0.2611111111111111, 0.25842696629213485
13, 0.26353790613718414, 0.2611111111111111, 0.25842696629213485
14, 0.26353790613718414, 0.2611111111111111, 0.25842696629213485
15, 0.26353790613718414, 0.2611111111111111, 0.25842696629213485
16, 0.26353790613718414, 0.2611111111111111, 0.25842696629213485
17, 0.26353790613718414, 0.2611111111111111, 0.25842696629213485
18, 0.26353790613718414, 0.2611111111111111, 0.25842696629213485
19, 0.26353790613718414, 0.2611111111111111, 0.25842696629213485
0	0	0	0	0	41	
0	0	0	0	0	18	
0	0	0	0	0	37	
0	0	0	0	0	19	
0	0	0	0	0	17	
0	0	0	0	0	46	
20, 0.26353790613718414, 0.2611111111111111, 0.25842696629213485
21, 0.26353790613718414, 0.2611111111111111, 0.25842696629213485
22, 0.26353790613718414, 0.2611111111111111, 0.25842696629213485
23, 0.26353790613718414, 0.2611111111111111, 0.25842696629213485
24, 0.26353790613718414, 0.2611111111111111, 0.25842696629213485
25, 0.26353790613718414, 0.2611111111111111, 0.25842696629213485
26, 0.26353790613718414, 0.2611111111111111, 0.25842696629213485
27, 0.26353790613718414, 0.2611111111111111, 0.25842696629213485
28, 0.26353790613718414, 0.2611111111111111, 0.25842696629213485
29, 0.26353790613718414, 0.2611111111111111, 0.25842696629213485
30, 0.26353790613718414, 0.2611111111111111, 0.25842696629213485
31, 0.26353790613718414, 0.2611111111111111, 0.25842696629213485
32, 0.26353790613718414, 0.2611111111111111, 0.25842696629213485
33, 0.26353790613718414, 0.2611111111111111, 0.25842696629213485
34, 0.26353790613718414, 0.2611111111111111, 0.25842696629213485
35, 0.26353790613718414, 0.2611111111111111, 0.25842696629213485
36, 0.26353790613718414, 0.2611111111111111, 0.25842696629213485
37, 0.26353790613718414, 0.2611111111111111, 0.25842696629213485
38, 0.26353790613718414, 0.2611111111111111, 0.25842696629213485
39, 0.26353790613718414, 0.2611111111111111, 0.25842696629213485
0	0	41	0	0	0	
0	0	18	0	0	0	
0	0	37	0	0	0	
0	0	19	0	0	0	
0	0	17	0	0	0	
0	0	46	0	0	0	
40, 0.20577617328519857, 0.20555555555555555, 0.20786516853932585
41, 0.20577617328519857, 0.20555555555555555, 0.20786516853932585
42, 0.20577617328519857, 0.20555555555555555, 0.20786516853932585
43, 0.20577617328519857, 0.20555555555555555, 0.20786516853932585
44, 0.20577617328519857, 0.20555555555555555, 0.20786516853932585
45, 0.20577617328519857, 0.20555555555555555, 0.20786516853932585
46, 0.20577617328519857, 0.20555555555555555, 0.20786516853932585
47, 0.20577617328519857, 0.20555555555555555, 0.20786516853932585
48, 0.20577617328519857, 0.20555555555555555, 0.20786516853932585
49, 0.20577617328519857, 0.20555555555555555, 0.20786516853932585
50, 0.20577617328519857, 0.20555555555555555, 0.20786516853932585
51, 0.20577617328519857, 0.20555555555555555, 0.20786516853932585
52, 0.20577617328519857, 0.20555555555555555, 0.20786516853932585
53, 0.20577617328519857, 0.20555555555555555, 0.20786516853932585
54, 0.20577617328519857, 0.20555555555555555, 0.20786516853932585
55, 0.20577617328519857, 0.20555555555555555, 0.20786516853932585
56, 0.20577617328519857, 0.20555555555555555, 0.20786516853932585
57, 0.20577617328519857, 0.20555555555555555, 0.20786516853932585
58, 0.20577617328519857, 0.20555555555555555, 0.20786516853932585
59, 0.20577617328519857, 0.20555555555555555, 0.20786516853932585
0	0	41	0	0	0	
0	0	18	0	0	0	
0	0	37	0	0	0	
0	0	19	0	0	0	
0	0	17	0	0	0	
0	0	46	0	0	0	
60, 0.20577617328519857, 0.20555555555555555, 0.20786516853932585
61, 0.20577617328519857, 0.20555555555555555, 0.20786516853932585
62, 0.20577617328519857, 0.20555555555555555, 0.20786516853932585
63, 0.20577617328519857, 0.20555555555555555, 0.20786516853932585
64, 0.20577617328519857, 0.20555555555555555, 0.20786516853932585
65, 0.20577617328519857, 0.20555555555555555, 0.20786516853932585
66, 0.20577617328519857, 0.20555555555555555, 0.20786516853932585
67, 0.20577617328519857, 0.20555555555555555, 0.20786516853932585
68, 0.20577617328519857, 0.20555555555555555, 0.20786516853932585
69, 0.20577617328519857, 0.20555555555555555, 0.20786516853932585
70, 0.20577617328519857, 0.20555555555555555, 0.20786516853932585
71, 0.20577617328519857, 0.20555555555555555, 0.20786516853932585
72, 0.20577617328519857, 0.20555555555555555, 0.20786516853932585
73, 0.20577617328519857, 0.20555555555555555, 0.20786516853932585
74, 0.20577617328519857, 0.20555555555555555, 0.20786516853932585
75, 0.20577617328519857, 0.20555555555555555, 0.20786516853932585
76, 0.20577617328519857, 0.20555555555555555, 0.20786516853932585
77, 0.20577617328519857, 0.20555555555555555, 0.20786516853932585
78, 0.20577617328519857, 0.20555555555555555, 0.20786516853932585
79, 0.20577617328519857, 0.20555555555555555, 0.20786516853932585
0	0	41	0	0	0	
0	0	18	0	0	0	
0	0	37	0	0	0	
0	0	19	0	0	0	
0	0	16	0	0	1	
0	0	46	0	0	0	
80, 0.20577617328519857, 0.20555555555555555, 0.20786516853932585
81, 0.2111913357400722, 0.20555555555555555, 0.20786516853932585
82, 0.2148014440433213, 0.20555555555555555, 0.20786516853932585
83, 0.22202166064981949, 0.20555555555555555, 0.20224719101123595
84, 0.22743682310469315, 0.20555555555555555, 0.20786516853932585
85, 0.2364620938628159, 0.22777777777777777, 0.20786516853932585
86, 0.24007220216606498, 0.23333333333333334, 0.21348314606741572
87, 0.2509025270758123, 0.2388888888888889, 0.21910112359550563
88, 0.2581227436823105, 0.24444444444444444, 0.23595505617977527
89, 0.26895306859205775, 0.2611111111111111, 0.24719101123595505
90, 0.27617328519855594, 0.2722222222222222, 0.2696629213483146
91, 0.2833935018050541, 0.2777777777777778, 0.2752808988764045
92, 0.30505415162454874, 0.29444444444444445, 0.28651685393258425
93, 0.30685920577617326, 0.3111111111111111, 0.30337078651685395
94, 0.3194945848375451, 0.32222222222222224, 0.3146067415730337
95, 0.33754512635379064, 0.31666666666666665, 0.33707865168539325
96, 0.33574007220216606, 0.3333333333333333, 0.33146067415730335
97, 0.3447653429602888, 0.34444444444444444, 0.33707865168539325
98, 0.33935018050541516, 0.35, 0.33707865168539325
99, 0.3483754512635379, 0.3611111111111111, 0.33707865168539325
0	0	25	2	0	14	
0	0	6	5	0	7	
0	0	20	5	0	12	
0	0	7	11	0	1	
0	0	7	2	0	8	
0	0	15	1	0	30	
100, 0.3483754512635379, 0.35555555555555557, 0.34269662921348315
101, 0.34657039711191334, 0.3611111111111111, 0.34831460674157305
102, 0.3483754512635379, 0.35555555555555557, 0.34269662921348315
103, 0.3483754512635379, 0.35, 0.33146067415730335
104, 0.3483754512635379, 0.3611111111111111, 0.33146067415730335
105, 0.3447653429602888, 0.36666666666666664, 0.33146067415730335
106, 0.3483754512635379, 0.37777777777777777, 0.33707865168539325
107, 0.34296028880866425, 0.37222222222222223, 0.34269662921348315
108, 0.34296028880866425, 0.37777777777777777, 0.3539325842696629
109, 0.33935018050541516, 0.37222222222222223, 0.3651685393258427
110, 0.34296028880866425, 0.37222222222222223, 0.3707865168539326
111, 0.34115523465703973, 0.34444444444444444, 0.37640449438202245
112, 0.33754512635379064, 0.34444444444444444, 0.3707865168539326
113, 0.33212996389891697, 0.3333333333333333, 0.3707865168539326
114, 0.33212996389891697, 0.3277777777777778, 0.3595505617977528
115, 0.3285198555956679, 0.32222222222222224, 0.3707865168539326
116, 0.3285198555956679, 0.32222222222222224, 0.3595505617977528
117, 0.3249097472924188, 0.32222222222222224, 0.3595505617977528
118, 0.3231046931407942, 0.3111111111111111, 0.3595505617977528
119, 0.3285198555956679, 0.3111111111111111, 0.3651685393258427
4	0	6	13	0	18	
0	0	0	7	0	11	
0	0	6	10	0	21	
0	0	1	16	0	2	
0	0	0	6	0	11	
0	0	1	5	0	40	
120, 0.33935018050541516, 0.31666666666666665, 0.3707865168539326
121, 0.35018050541516244, 0.32222222222222224, 0.37640449438202245
122, 0.37364620938628157, 0.3388888888888889, 0.398876404494382
123, 0.3953068592057762, 0.3611111111111111, 0.4044943820224719
124, 0.40252707581227437, 0.37222222222222223, 0.4157303370786517
125, 0.41335740072202165, 0.38333333333333336, 0.42696629213483145
126, 0.4223826714801444, 0.4, 0.42134831460674155
127, 0.4368231046931408, 0.4222222222222222, 0.43258426966292135
128, 0.4404332129963899, 0.4222222222222222, 0.449438202247191
129, 0.44765342960288806, 0.4444444444444444, 0.4606741573033708
130, 0.4566787003610108, 0.45555555555555555, 0.449438202247191
131, 0.4566787003610108, 0.4666666666666667, 0.4550561797752809
132, 0.463898916967509, 0.4722222222222222, 0.46629213483146065
133, 0.463898916967509, 0.4722222222222222, 0.47191011235955055
134, 0.4602888086642599, 0.4722222222222222, 0.4606741573033708
135, 0.45126353790613716, 0.4777777777777778, 0.46629213483146065
136, 0.45306859205776173, 0.4722222222222222, 0.4550561797752809
137, 0.45306859205776173, 0.4722222222222222, 0.4606741573033708
138, 0.4566787003610108, 0.4722222222222222, 0.4606741573033708
139, 0.463898916967509, 0.4666666666666667, 0.4606741573033708
33	0	0	0	0	8	
2	0	0	3	0	13	
13	0	1	4	0	19	
7	0	0	10	0	2	
5	0	1	1	0	10	
5	0	0	3	0	38	
140, 0.4747292418772563, 0.4666666666666667, 0.4606741573033708
141, 0.4747292418772563, 0.4777777777777778, 0.46629213483146065
142, 0.48736462093862815, 0.4777777777777778, 0.47191011235955055
143, 0.49097472924187724, 0.4777777777777778, 0.47191011235955055
144, 0.5018050541516246, 0.4777777777777778, 0.4887640449438202
145, 0.5090252707581228, 0.48333333333333334, 0.5056179775280899
146, 0.5144404332129964, 0.4888888888888889, 0.5168539325842697
147, 0.516245487364621, 0.5, 0.5168539325842697
148, 0.51985559566787, 0.5111111111111111, 0.5280898876404494
149, 0.5324909747292419, 0.5111111111111111, 0.5280898876404494
150, 0.5379061371841155, 0.5166666666666667, 0.5224719101123596
151, 0.5433212996389891, 0.5111111111111111, 0.5224719101123596
152, 0.5469314079422383, 0.5166666666666667, 0.5168539325842697
153, 0.5523465703971119, 0.5166666666666667, 0.5224719101123596
154, 0.5613718411552346, 0.5166666666666667, 0.5224719101123596
155, 0.5649819494584838, 0.5277777777777778, 0.5280898876404494
156, 0.5685920577617328, 0.5277777777777778, 0.5337078651685393
157, 0.572202166064982, 0.5277777777777778, 0.5337078651685393
158, 0.5830324909747292, 0.5333333333333333, 0.5393258426966292
159, 0.5830324909747292, 0.5333333333333333, 0.5393258426966292
36	0	3	0	0	2	
5	0	4	1	0	8	
9	0	17	2	0	9	
5	0	4	8	0	2	
3	0	5	1	0	8	
7	0	2	1	0	36	
160, 0.5848375451263538, 0.5277777777777778, 0.5449438202247191
161, 0.5848375451263538, 0.5333333333333333, 0.5449438202247191
162, 0.5938628158844765, 0.5388888888888889, 0.550561797752809
163, 0.5956678700361011, 0.5444444444444444, 0.550561797752809
164, 0.5974729241877257, 0.55, 0.550561797752809
165, 0.5992779783393501, 0.5555555555555556, 0.550561797752809
166, 0.6010830324909747, 0.5555555555555556, 0.5449438202247191
167, 0.6046931407942239, 0.5555555555555556, 0.5449438202247191
168, 0.6046931407942239, 0.55, 0.550561797752809
169, 0.6083032490974729, 0.55, 0.5561797752808989
170, 0.6083032490974729, 0.55, 0.5561797752808989
171, 0.6083032490974729, 0.5555555555555556, 0.5617977528089888
172, 0.6101083032490975, 0.5611111111111111, 0.5617977528089888
173, 0.6101083032490975, 0.5555555555555556, 0.5730337078651685
174, 0.6101083032490975, 0.5555555555555556, 0.5674157303370787
175, 0.6137184115523465, 0.5611111111111111, 0.5617977528089888
176, 0.6137184115523465, 0.5611111111111111, 0.5730337078651685
177, 0.6137184115523465, 0.5611111111111111, 0.5730337078651685
178, 0.6137184115523465, 0.5611111111111111, 0.5730337078651685
179, 0.6173285198555957, 0.5555555555555556, 0.5786516853932584
37	0	3	0	0	1	
5	0	6	1	0	6	
5	0	29	1	0	2	
5	0	4	8	0	2	
2	0	6	1	0	8	
6	0	8	1	0	31	
180, 0.6173285198555957, 0.5555555555555556, 0.5898876404494382
181, 0.6209386281588448, 0.55, 0.5898876404494382
182, 0.6227436823104693, 0.5555555555555556, 0.5898876404494382
183, 0.6245487364620939, 0.5555555555555556, 0.5955056179775281
184, 0.6263537906137184, 0.5555555555555556, 0.5955056179775281
185, 0.6263537906137184, 0.5555555555555556, 0.5955056179775281
186, 0.6245487364620939, 0.5555555555555556, 0.5955056179775281
187, 0.6245487364620939, 0.5555555555555556, 0.5955056179775281
188, 0.6245487364620939, 0.5611111111111111, 0.5955056179775281
189, 0.6263537906137184, 0.5611111111111111, 0.5955056179775281
190, 0.6263537906137184, 0.5611111111111111, 0.5955056179775281
191, 0.6263537906137184, 0.5611111111111111, 0.5955056179775281
192, 0.6263537906137184, 0.5555555555555556, 0.5955056179775281
193, 0.628158844765343, 0.5611111111111111, 0.5955056179775281
194, 0.628158844765343, 0.5611111111111111, 0.5955056179775281
195, 0.631768953068592, 0.5611111111111111, 0.5955056179775281
196, 0.6299638989169675, 0.5611111111111111, 0.5955056179775281
197, 0.6299638989169675, 0.5611111111111111, 0.601123595505618
198, 0.631768953068592, 0.5611111111111111, 0.601123595505618
199, 0.631768953068592, 0.5666666666666667, 0.601123595505618
39	0	2	0	0	0	
5	0	7	1	0	5	
5	0	29	1	0	2	
5	0	4	8	0	2	
3	0	5	1	0	8	
6	0	7	1	0	32	
200, 0.6299638989169675, 0.5722222222222222, 0.6067415730337079
201, 0.628158844765343, 0.5722222222222222, 0.6067415730337079
202, 0.628158844765343, 0.5833333333333334, 0.6123595505617978
203, 0.628158844765343, 0.5833333333333334, 0.6123595505617978
204, 0.628158844765343, 0.5944444444444444, 0.6179775280898876
205, 0.628158844765343, 0.5944444444444444, 0.6179775280898876
206, 0.6299638989169675, 0.5944444444444444, 0.6179775280898876
207, 0.6299638989169675, 0.5944444444444444, 0.6179775280898876
208, 0.631768953068592, 0.5944444444444444, 0.6179775280898876
209, 0.6353790613718412, 0.6, 0.6179775280898876
210, 0.6389891696750902, 0.6, 0.6179775280898876
211, 0.6389891696750902, 0.6055555555555555, 0.6179775280898876
212, 0.6425992779783394, 0.6111111111111112, 0.6179775280898876
213, 0.6425992779783394, 0.6166666666666667, 0.6235955056179775
214, 0.6425992779783394, 0.6166666666666667, 0.6235955056179775
215, 0.6407942238267148, 0.6166666666666667, 0.6235955056179775
216, 0.644404332129964, 0.6166666666666667, 0.6235955056179775
217, 0.6462093862815884, 0.6166666666666667, 0.6292134831460674
218, 0.644404332129964, 0.6166666666666667, 0.6348314606741573
219, 0.6462093862815884, 0.6166666666666667, 0.6348314606741573
39	0	2	0	0	0	
5	0	7	1	0	5	
4	0	30	1	0	2	
5	0	4	10	0	0	
3	0	5	2	0	7	
6	0	5	1	0	34	
220, 0.6462093862815884, 0.6277777777777778, 0.6348314606741573
221, 0.648014440433213, 0.6277777777777778, 0.6404494382022472
222, 0.648014440433213, 0.6277777777777778, 0.6404494382022472
223, 0.648014440433213, 0.6277777777777778, 0.6460674157303371
224, 0.6498194945848376, 0.6277777777777778, 0.6460674157303371
225, 0.6516245487364621, 0.6277777777777778, 0.6460674157303371
226, 0.6516245487364621, 0.6277777777777778, 0.6460674157303371
227, 0.6552346570397112, 0.6277777777777778, 0.6460674157303371
228, 0.6552346570397112, 0.6277777777777778, 0.6460674157303371
229, 0.6588447653429603, 0.6277777777777778, 0.6460674157303371
230, 0.6606498194945848, 0.6277777777777778, 0.6460674157303371
231, 0.6624548736462094, 0.6333333333333333, 0.651685393258427
232, 0.6606498194945848, 0.6277777777777778, 0.651685393258427
233, 0.6624548736462094, 0.6277777777777778, 0.6573033707865169
234, 0.6624548736462094, 0.6333333333333333, 0.6629213483146067
235, 0.6624548736462094, 0.6333333333333333, 0.6629213483146067
236, 0.6624548736462094, 0.6333333333333333, 0.6573033707865169
237, 0.6642599277978339, 0.6277777777777778, 0.6629213483146067
238, 0.6678700361010831, 0.6388888888888888, 0.6629213483146067
239, 0.6678700361010831, 0.6388888888888888, 0.6629213483146067
39	0	2	0	0	0	
5	0	7	1	0	5	
2	0	32	0	0	3	
3	0	4	12	0	0	
1	0	6	2	0	8	
5	0	5	1	0	35	
240, 0.6696750902527075, 0.6388888888888888, 0.6629213483146067
241, 0.6714801444043321, 0.6333333333333333, 0.6573033707865169
242, 0.6732851985559567, 0.6333333333333333, 0.6573033707865169
243, 0.6750902527075813, 0.6333333333333333, 0.6573033707865169
244, 0.6732851985559567, 0.6333333333333333, 0.6573033707865169
245, 0.6732851985559567, 0.6333333333333333, 0.6573033707865169
246, 0.6768953068592057, 0.6333333333333333, 0.6573033707865169
247, 0.6805054151624549, 0.6333333333333333, 0.6629213483146067
248, 0.6841155234657039, 0.6333333333333333, 0.6573033707865169
249, 0.6859205776173285, 0.6333333333333333, 0.6573033707865169
250, 0.6877256317689531, 0.6333333333333333, 0.6629213483146067
251, 0.6913357400722022, 0.6388888888888888, 0.6629213483146067
252, 0.6913357400722022, 0.6388888888888888, 0.6629213483146067
253, 0.6913357400722022, 0.6388888888888888, 0.6629213483146067
254, 0.6931407942238267, 0.6388888888888888, 0.6573033707865169
255, 0.6949458483754513, 0.6444444444444445, 0.6573033707865169
256, 0.6949458483754513, 0.6444444444444445, 0.6573033707865169
257, 0.6931407942238267, 0.65, 0.6573033707865169
258, 0.6949458483754513, 0.65, 0.6573033707865169
259, 0.6949458483754513, 0.65, 0.6573033707865169
36	0	3	0	0	2	
5	0	7	1	0	5	
2	0	32	1	0	2	
3	0	3	13	0	0	
0	0	7	2	0	8	
4	0	6	0	0	36	
260, 0.6931407942238267, 0.65, 0.6573033707865169
261, 0.6931407942238267, 0.65, 0.651685393258427
262, 0.6931407942238267, 0.65, 0.651685393258427
263, 0.6931407942238267, 0.65, 0.651685393258427
264, 0.6931407942238267, 0.65, 0.651685393258427
265, 0.6931407942238267, 0.65, 0.651685393258427
266, 0.6931407942238267, 0.65, 0.651685393258427
267, 0.6931407942238267, 0.65, 0.651685393258427
268, 0.6931407942238267, 0.65, 0.651685393258427
269, 0.6949458483754513, 0.65, 0.651685393258427
270, 0.6967509025270758, 0.65, 0.651685393258427
271, 0.6967509025270758, 0.65, 0.651685393258427
272, 0.6967509025270758, 0.65, 0.651685393258427
273, 0.6985559566787004, 0.65, 0.651685393258427
274, 0.6985559566787004, 0.65, 0.651685393258427
275, 0.6985559566787004, 0.65, 0.651685393258427
276, 0.6985559566787004, 0.65, 0.651685393258427
277, 0.6985559566787004, 0.65, 0.651685393258427
278, 0.6985559566787004, 0.65, 0.651685393258427
279, 0.6985559566787004, 0.65, 0.6460674157303371
35	0	3	0	0	3	
4	0	8	1	0	5	
2	0	31	1	0	3	
2	0	4	13	0	0	
0	0	7	2	0	8	
4	0	6	0	0	36	
280, 0.6985559566787004, 0.65, 0.6460674157303371
281, 0.6985559566787004, 0.65, 0.6460674157303371
282, 0.6985559566787004, 0.65, 0.6460674157303371
283, 0.6985559566787004, 0.65, 0.6460674157303371
284, 0.6985559566787004, 0.65, 0.6460674157303371
285, 0.7003610108303249, 0.65, 0.6460674157303371
286, 0.7003610108303249, 0.65, 0.651685393258427
287, 0.7003610108303249, 0.65, 0.651685393258427
288, 0.7003610108303249, 0.65, 0.651685393258427
289, 0.7003610108303249, 0.65, 0.651685393258427
290, 0.7003610108303249, 0.65, 0.6573033707865169
291, 0.7003610108303249, 0.65, 0.6573033707865169
292, 0.7003610108303249, 0.65, 0.6573033707865169
293, 0.7003610108303249, 0.65, 0.6573033707865169
294, 0.7021660649819494, 0.65, 0.6573033707865169
295, 0.7021660649819494, 0.65, 0.6573033707865169
296, 0.7021660649819494, 0.65, 0.6573033707865169
297, 0.7021660649819494, 0.65, 0.6573033707865169
298, 0.7021660649819494, 0.65, 0.6573033707865169
299, 0.7021660649819494, 0.65, 0.6573033707865169
35	0	3	0	0	3	
3	0	8	1	0	6	
2	0	31	1	0	3	
2	0	4	13	0	0	
0	0	7	2	0	8	
2	0	6	0	0	38	
300, 0.7021660649819494, 0.65, 0.6573033707865169
301, 0.7021660649819494, 0.65, 0.6573033707865169
302, 0.7021660649819494, 0.65, 0.6573033707865169
303, 0.7021660649819494, 0.65, 0.6573033707865169
304, 0.7021660649819494, 0.65, 0.6573033707865169
305, 0.7021660649819494, 0.65, 0.6573033707865169
306, 0.7021660649819494, 0.65, 0.6573033707865169
307, 0.7057761732851986, 0.65, 0.6573033707865169
308, 0.7093862815884476, 0.65, 0.6573033707865169
309, 0.7093862815884476, 0.65, 0.6629213483146067
310, 0.7093862815884476, 0.6444444444444445, 0.6629213483146067
311, 0.7093862815884476, 0.6444444444444445, 0.6629213483146067
312, 0.7093862815884476, 0.6444444444444445, 0.6629213483146067
313, 0.7093862815884476, 0.6444444444444445, 0.6629213483146067
314, 0.7093862815884476, 0.6444444444444445, 0.6685393258426966
315, 0.7093862815884476, 0.6444444444444445, 0.6685393258426966
316, 0.7093862815884476, 0.6444444444444445, 0.6685393258426966
317, 0.7093862815884476, 0.6444444444444445, 0.6685393258426966
318, 0.7093862815884476, 0.6444444444444445, 0.6685393258426966
319, 0.7093862815884476, 0.6444444444444445, 0.6685393258426966
35	0	3	0	0	3	
3	0	8	1	0	6	
1	0	32	1	0	3	
2	0	4	13	0	0	
1	0	6	2	0	8	
1	0	6	0	0	39	
320, 0.7093862815884476, 0.6444444444444445, 0.6685393258426966
321, 0.7111913357400722, 0.6444444444444445, 0.6685393258426966
322, 0.7111913357400722, 0.6444444444444445, 0.6685393258426966
323, 0.7111913357400722, 0.6444444444444445, 0.6685393258426966
324, 0.7111913357400722, 0.6444444444444445, 0.6685393258426966
325, 0.7111913357400722, 0.65, 0.6685393258426966
326, 0.7111913357400722, 0.65, 0.6685393258426966
327, 0.7111913357400722, 0.65, 0.6685393258426966
328, 0.7111913357400722, 0.6444444444444445, 0.6685393258426966
329, 0.7129963898916968, 0.6444444444444445, 0.6685393258426966
330, 0.7129963898916968, 0.6444444444444445, 0.6685393258426966
331, 0.7129963898916968, 0.6444444444444445, 0.6685393258426966
332, 0.7148014440433214, 0.6444444444444445, 0.6629213483146067
333, 0.7148014440433214, 0.6444444444444445, 0.6629213483146067
334, 0.7148014440433214, 0.6444444444444445, 0.6629213483146067
335, 0.7148014440433214, 0.6444444444444445, 0.6629213483146067
336, 0.7148014440433214, 0.6444444444444445, 0.6685393258426966
337, 0.7166064981949458, 0.6444444444444445, 0.6685393258426966
338, 0.7148014440433214, 0.6444444444444445, 0.6741573033707865
339, 0.7148014440433214, 0.6444444444444445, 0.6741573033707865
36	0	3	0	0	2	
3	0	8	1	0	6	
1	0	32	1	0	3	
2	0	4	13	0	0	
0	1	6	2	0	8	
2	0	5	0	0	39	
340, 0.7148014440433214, 0.6444444444444445, 0.6741573033707865
341, 0.7148014440433214, 0.6444444444444445, 0.6741573033707865
342, 0.7166064981949458, 0.6444444444444445, 0.6741573033707865
343, 0.7166064981949458, 0.6444444444444445, 0.6741573033707865
344, 0.7166064981949458, 0.6444444444444445, 0.6741573033707865
345, 0.7166064981949458, 0.6444444444444445, 0.6741573033707865
346, 0.7166064981949458, 0.6444444444444445, 0.6741573033707865
347, 0.7166064981949458, 0.6444444444444445, 0.6741573033707865
348, 0.7166064981949458, 0.6444444444444445, 0.6741573033707865
349, 0.7166064981949458, 0.6444444444444445, 0.6741573033707865
350, 0.7166064981949458, 0.6444444444444445, 0.6741573033707865
351, 0.7166064981949458, 0.6444444444444445, 0.6741573033707865
352, 0.7166064981949458, 0.65, 0.6741573033707865
353, 0.7166064981949458, 0.65, 0.6741573033707865
354, 0.7166064981949458, 0.65, 0.6741573033707865
355, 0.7166064981949458, 0.65, 0.6741573033707865
356, 0.7166064981949458, 0.65, 0.6741573033707865
357, 0.7166064981949458, 0.65, 0.6741573033707865
358, 0.7166064981949458, 0.65, 0.6741573033707865
359, 0.7184115523465704, 0.65, 0.6741573033707865
36	0	3	0	0	2	
3	0	8	1	0	6	
1	0	32	1	0	3	
2	0	4	13	0	0	
0	1	6	2	0	8	
2	0	5	0	0	39	
360, 0.7184115523465704, 0.65, 0.6741573033707865
361, 0.7184115523465704, 0.65, 0.6741573033707865
362, 0.7184115523465704, 0.65, 0.6741573033707865
363, 0.7184115523465704, 0.65, 0.6741573033707865
364, 0.7184115523465704, 0.65, 0.6741573033707865
365, 0.7184115523465704, 0.65, 0.6741573033707865
366, 0.7184115523465704, 0.65, 0.6741573033707865
367, 0.7184115523465704, 0.65, 0.6741573033707865
368, 0.7184115523465704, 0.65, 0.6741573033707865
369, 0.7184115523465704, 0.6555555555555556, 0.6741573033707865
370, 0.7184115523465704, 0.6555555555555556, 0.6741573033707865
371, 0.7184115523465704, 0.6555555555555556, 0.6741573033707865
372, 0.7184115523465704, 0.6555555555555556, 0.6741573033707865
373, 0.7184115523465704, 0.6555555555555556, 0.6741573033707865
374, 0.7184115523465704, 0.6555555555555556, 0.6741573033707865
375, 0.7184115523465704, 0.6555555555555556, 0.6741573033707865
376, 0.7184115523465704, 0.6555555555555556, 0.6741573033707865
377, 0.7184115523465704, 0.6555555555555556, 0.6741573033707865
378, 0.7184115523465704, 0.6555555555555556, 0.6741573033707865
379, 0.7184115523465704, 0.65, 0.6741573033707865
36	0	3	0	0	2	
3	0	8	1	0	6	
1	0	32	1	0	3	
2	0	4	13	0	0	
0	1	6	2	0	8	
2	0	5	0	0	39	
380, 0.7184115523465704, 0.65, 0.6741573033707865
381, 0.7184115523465704, 0.65, 0.6741573033707865
382, 0.7184115523465704, 0.65, 0.6741573033707865
383, 0.7184115523465704, 0.65, 0.6741573033707865
384, 0.7184115523465704, 0.65, 0.6741573033707865
385, 0.7184115523465704, 0.65, 0.6741573033707865
386, 0.720216606498195, 0.65, 0.6741573033707865
387, 0.720216606498195, 0.65, 0.6741573033707865
388, 0.720216606498195, 0.65, 0.6741573033707865
389, 0.720216606498195, 0.65, 0.6741573033707865
390, 0.720216606498195, 0.65, 0.6741573033707865
391, 0.720216606498195, 0.65, 0.6741573033707865
392, 0.720216606498195, 0.6444444444444445, 0.6741573033707865
393, 0.720216606498195, 0.6444444444444445, 0.6741573033707865
394, 0.720216606498195, 0.6444444444444445, 0.6741573033707865
395, 0.720216606498195, 0.6444444444444445, 0.6741573033707865
396, 0.720216606498195, 0.6444444444444445, 0.6741573033707865
397, 0.720216606498195, 0.65, 0.6741573033707865
398, 0.720216606498195, 0.65, 0.6741573033707865
399, 0.720216606498195, 0.65, 0.6741573033707865
36	0	3	0	0	2	
2	0	9	1	0	6	
1	0	32	1	0	3	
2	0	4	13	0	0	
0	1	6	2	0	8	
2	0	5	0	0	39	
400, 0.720216606498195, 0.65, 0.6741573033707865
401, 0.720216606498195, 0.65, 0.6741573033707865
402, 0.720216606498195, 0.65, 0.6741573033707865
403, 0.720216606498195, 0.65, 0.6741573033707865
404, 0.720216606498195, 0.65, 0.6741573033707865
405, 0.720216606498195, 0.65, 0.6741573033707865
406, 0.720216606498195, 0.65, 0.6741573033707865
407, 0.720216606498195, 0.65, 0.6741573033707865
408, 0.720216606498195, 0.65, 0.6741573033707865
409, 0.720216606498195, 0.65, 0.6741573033707865
410, 0.720216606498195, 0.65, 0.6741573033707865
411, 0.720216606498195, 0.65, 0.6741573033707865
412, 0.720216606498195, 0.65, 0.6741573033707865
413, 0.720216606498195, 0.65, 0.6741573033707865
414, 0.720216606498195, 0.65, 0.6797752808988764
415, 0.720216606498195, 0.65, 0.6797752808988764
416, 0.720216606498195, 0.65, 0.6797752808988764
417, 0.720216606498195, 0.65, 0.6797752808988764
418, 0.720216606498195, 0.65, 0.6797752808988764
419, 0.7220216606498195, 0.65, 0.6797752808988764
36	0	3	0	0	2	
2	0	9	1	0	6	
0	0	33	1	0	3	
2	0	4	13	0	0	
0	1	6	2	0	8	
2	0	5	0	0	39	
420, 0.7220216606498195, 0.65, 0.6797752808988764
421, 0.7220216606498195, 0.65, 0.6797752808988764
422, 0.7220216606498195, 0.65, 0.6797752808988764
423, 0.7220216606498195, 0.65, 0.6797752808988764
424, 0.7220216606498195, 0.65, 0.6797752808988764
425, 0.7220216606498195, 0.65, 0.6797752808988764
426, 0.7220216606498195, 0.65, 0.6797752808988764
427, 0.7220216606498195, 0.65, 0.6797752808988764
428, 0.7220216606498195, 0.65, 0.6797752808988764
429, 0.7220216606498195, 0.65, 0.6797752808988764
430, 0.7220216606498195, 0.65, 0.6797752808988764
431, 0.7220216606498195, 0.65, 0.6797752808988764
432, 0.7220216606498195, 0.65, 0.6741573033707865
433, 0.7220216606498195, 0.65, 0.6741573033707865
434, 0.7220216606498195, 0.6555555555555556, 0.6741573033707865
435, 0.7220216606498195, 0.6555555555555556, 0.6741573033707865
436, 0.7220216606498195, 0.6555555555555556, 0.6741573033707865
437, 0.7220216606498195, 0.6555555555555556, 0.6741573033707865
438, 0.7220216606498195, 0.6555555555555556, 0.6741573033707865
439, 0.7220216606498195, 0.6555555555555556, 0.6741573033707865
36	0	3	0	0	2	
1	0	9	1	0	7	
0	0	32	2	0	3	
2	0	4	13	0	0	
0	1	6	2	0	8	
2	0	5	0	0	39	
440, 0.7220216606498195, 0.6555555555555556, 0.6741573033707865
441, 0.7220216606498195, 0.6555555555555556, 0.6741573033707865
442, 0.7220216606498195, 0.6555555555555556, 0.6741573033707865
443, 0.7220216606498195, 0.6555555555555556, 0.6741573033707865
444, 0.7220216606498195, 0.6555555555555556, 0.6741573033707865
445, 0.720216606498195, 0.6555555555555556, 0.6741573033707865
446, 0.720216606498195, 0.6555555555555556, 0.6741573033707865
447, 0.720216606498195, 0.6555555555555556, 0.6741573033707865
448, 0.7220216606498195, 0.6555555555555556, 0.6741573033707865
449, 0.7220216606498195, 0.6555555555555556, 0.6741573033707865
450, 0.7220216606498195, 0.6555555555555556, 0.6741573033707865
451, 0.7220216606498195, 0.6555555555555556, 0.6741573033707865
452, 0.7220216606498195, 0.6555555555555556, 0.6741573033707865
453, 0.7220216606498195, 0.6555555555555556, 0.6741573033707865
454, 0.7220216606498195, 0.6555555555555556, 0.6741573033707865
455, 0.7220216606498195, 0.6555555555555556, 0.6741573033707865
456, 0.7220216606498195, 0.6555555555555556, 0.6741573033707865
457, 0.7220216606498195, 0.6555555555555556, 0.6741573033707865
458, 0.7220216606498195, 0.6555555555555556, 0.6741573033707865
459, 0.7220216606498195, 0.6555555555555556, 0.6741573033707865
36	0	3	0	0	2	
1	0	9	1	0	7	
0	0	32	2	0	3	
2	0	4	13	0	0	
0	1	6	2	0	8	
2	0	5	0	0	39	
460, 0.7220216606498195, 0.6555555555555556, 0.6741573033707865
461, 0.7220216606498195, 0.6555555555555556, 0.6741573033707865
462, 0.7220216606498195, 0.6555555555555556, 0.6741573033707865
463, 0.7220216606498195, 0.6555555555555556, 0.6741573033707865
464, 0.723826714801444, 0.6555555555555556, 0.6741573033707865
465, 0.7220216606498195, 0.6555555555555556, 0.6741573033707865
466, 0.7220216606498195, 0.6555555555555556, 0.6741573033707865
467, 0.7220216606498195, 0.6555555555555556, 0.6741573033707865
468, 0.7220216606498195, 0.6555555555555556, 0.6741573033707865
469, 0.7220216606498195, 0.6555555555555556, 0.6741573033707865
470, 0.7220216606498195, 0.6555555555555556, 0.6741573033707865
471, 0.7220216606498195, 0.6555555555555556, 0.6741573033707865
472, 0.7220216606498195, 0.6555555555555556, 0.6741573033707865
473, 0.7220216606498195, 0.6555555555555556, 0.6741573033707865
474, 0.7220216606498195, 0.6555555555555556, 0.6741573033707865
475, 0.723826714801444, 0.6555555555555556, 0.6741573033707865
476, 0.7256317689530686, 0.6555555555555556, 0.6741573033707865
477, 0.7256317689530686, 0.6555555555555556, 0.6741573033707865
478, 0.7256317689530686, 0.6555555555555556, 0.6741573033707865
479, 0.7274368231046932, 0.6555555555555556, 0.6741573033707865
36	0	3	0	0	2	
1	0	9	1	0	7	
0	0	32	2	0	3	
2	0	4	13	0	0	
0	1	6	2	0	8	
2	0	5	0	0	39	
480, 0.7274368231046932, 0.6555555555555556, 0.6741573033707865
481, 0.7274368231046932, 0.6555555555555556, 0.6741573033707865
482, 0.7274368231046932, 0.6555555555555556, 0.6741573033707865
483, 0.7274368231046932, 0.6555555555555556, 0.6741573033707865
484, 0.7274368231046932, 0.6555555555555556, 0.6741573033707865
485, 0.7274368231046932, 0.6555555555555556, 0.6797752808988764
486, 0.7274368231046932, 0.6555555555555556, 0.6797752808988764
487, 0.7274368231046932, 0.6555555555555556, 0.6797752808988764
488, 0.7274368231046932, 0.6555555555555556, 0.6797752808988764
489, 0.7274368231046932, 0.6555555555555556, 0.6797752808988764
490, 0.7274368231046932, 0.6611111111111111, 0.6797752808988764
491, 0.7292418772563177, 0.6611111111111111, 0.6797752808988764
492, 0.7292418772563177, 0.6611111111111111, 0.6797752808988764
493, 0.7292418772563177, 0.6611111111111111, 0.6797752808988764
494, 0.7292418772563177, 0.6611111111111111, 0.6797752808988764
495, 0.7292418772563177, 0.6611111111111111, 0.6797752808988764
496, 0.7310469314079422, 0.6611111111111111, 0.6797752808988764
497, 0.7310469314079422, 0.6611111111111111, 0.6797752808988764
498, 0.7310469314079422, 0.6611111111111111, 0.6797752808988764
499, 0.7310469314079422, 0.6555555555555556, 0.6797752808988764
36	0	3	0	0	2	
1	0	9	1	0	7	
0	0	33	2	0	2	
2	0	4	13	0	0	
0	1	6	2	0	8	
2	0	5	0	0	39	
500, 0.7310469314079422, 0.6555555555555556, 0.6797752808988764
501, 0.7310469314079422, 0.6555555555555556, 0.6797752808988764
502, 0.7310469314079422, 0.6555555555555556, 0.6797752808988764
503, 0.7310469314079422, 0.6555555555555556, 0.6797752808988764
504, 0.7310469314079422, 0.6555555555555556, 0.6797752808988764
505, 0.7310469314079422, 0.6555555555555556, 0.6797752808988764
506, 0.7310469314079422, 0.6555555555555556, 0.6797752808988764
507, 0.7310469314079422, 0.6555555555555556, 0.6797752808988764
508, 0.7310469314079422, 0.6555555555555556, 0.6797752808988764
509, 0.7310469314079422, 0.6555555555555556, 0.6797752808988764
510, 0.7346570397111913, 0.6555555555555556, 0.6797752808988764
511, 0.7346570397111913, 0.6555555555555556, 0.6797752808988764
512, 0.7346570397111913, 0.6555555555555556, 0.6797752808988764
513, 0.7346570397111913, 0.6555555555555556, 0.6797752808988764
514, 0.7346570397111913, 0.6555555555555556, 0.6797752808988764
515, 0.7346570397111913, 0.6555555555555556, 0.6797752808988764
516, 0.7346570397111913, 0.6555555555555556, 0.6797752808988764
517, 0.7346570397111913, 0.6555555555555556, 0.6797752808988764
518, 0.7346570397111913, 0.6555555555555556, 0.6797752808988764
519, 0.7346570397111913, 0.6555555555555556, 0.6797752808988764
36	0	3	0	0	2	
1	0	9	1	0	7	
0	0	33	2	0	2	
2	0	4	13	0	0	
0	1	7	2	0	7	
2	0	5	0	0	39	
520, 0.7346570397111913, 0.6555555555555556, 0.6797752808988764
521, 0.7346570397111913, 0.6555555555555556, 0.6853932584269663
522, 0.7346570397111913, 0.6555555555555556, 0.6853932584269663
523, 0.7346570397111913, 0.6555555555555556, 0.6853932584269663
524, 0.7346570397111913, 0.6555555555555556, 0.6853932584269663
525, 0.7364620938628159, 0.6555555555555556, 0.6853932584269663
526, 0.7382671480144405, 0.6555555555555556, 0.6853932584269663
527, 0.7382671480144405, 0.6555555555555556, 0.6853932584269663
528, 0.740072202166065, 0.6555555555555556, 0.6853932584269663
529, 0.740072202166065, 0.6555555555555556, 0.6853932584269663
530, 0.740072202166065, 0.6555555555555556, 0.6853932584269663
531, 0.740072202166065, 0.6555555555555556, 0.6853932584269663
532, 0.740072202166065, 0.6555555555555556, 0.6853932584269663
533, 0.740072202166065, 0.65, 0.6853932584269663
534, 0.740072202166065, 0.65, 0.6853932584269663
535, 0.740072202166065, 0.65, 0.6853932584269663
536, 0.740072202166065, 0.65, 0.6853932584269663
537, 0.740072202166065, 0.65, 0.6853932584269663
538, 0.740072202166065, 0.65, 0.6853932584269663
539, 0.740072202166065, 0.65, 0.6853932584269663
36	0	3	0	0	2	
1	0	9	1	0	7	
0	0	34	2	0	1	
2	0	4	13	0	0	
0	1	7	2	0	7	
2	0	5	0	0	39	
540, 0.740072202166065, 0.65, 0.6853932584269663
541, 0.740072202166065, 0.65, 0.6853932584269663
542, 0.740072202166065, 0.65, 0.6853932584269663
543, 0.740072202166065, 0.65, 0.6910112359550562
544, 0.740072202166065, 0.65, 0.6910112359550562
545, 0.740072202166065, 0.65, 0.6910112359550562
546, 0.7436823104693141, 0.65, 0.6910112359550562
547, 0.7436823104693141, 0.65, 0.6910112359550562
548, 0.7436823104693141, 0.65, 0.6910112359550562
549, 0.7436823104693141, 0.65, 0.6910112359550562
550, 0.7436823104693141, 0.6555555555555556, 0.6910112359550562
551, 0.7436823104693141, 0.6555555555555556, 0.6910112359550562
552, 0.7436823104693141, 0.6555555555555556, 0.6910112359550562
553, 0.7436823104693141, 0.6555555555555556, 0.6910112359550562
554, 0.7436823104693141, 0.6555555555555556, 0.6910112359550562
555, 0.7436823104693141, 0.6555555555555556, 0.6910112359550562
556, 0.7436823104693141, 0.6555555555555556, 0.6910112359550562
557, 0.7436823104693141, 0.6555555555555556, 0.6910112359550562
558, 0.7436823104693141, 0.6555555555555556, 0.6910112359550562
559, 0.7436823104693141, 0.6555555555555556, 0.6910112359550562
36	0	3	0	0	2	
1	1	8	1	0	7	
0	0	34	2	0	1	
2	0	4	13	0	0	
0	1	7	2	0	7	
2	0	5	0	0	39	
560, 0.7454873646209387, 0.6555555555555556, 0.6910112359550562
561, 0.7454873646209387, 0.6555555555555556, 0.6910112359550562
562, 0.7454873646209387, 0.6555555555555556, 0.6910112359550562
563, 0.7472924187725631, 0.6555555555555556, 0.6910112359550562
564, 0.7472924187725631, 0.6555555555555556, 0.6910112359550562
565, 0.7472924187725631, 0.6555555555555556, 0.6910112359550562
566, 0.7472924187725631, 0.6555555555555556, 0.6910112359550562
567, 0.7472924187725631, 0.6555555555555556, 0.6910112359550562
568, 0.7472924187725631, 0.6555555555555556, 0.6910112359550562
569, 0.7472924187725631, 0.6555555555555556, 0.6910112359550562
570, 0.7472924187725631, 0.6555555555555556, 0.6910112359550562
571, 0.7472924187725631, 0.6555555555555556, 0.6910112359550562
572, 0.7472924187725631, 0.6555555555555556, 0.6910112359550562
573, 0.7472924187725631, 0.6555555555555556, 0.6910112359550562
574, 0.7472924187725631, 0.6555555555555556, 0.6910112359550562
575, 0.7472924187725631, 0.6555555555555556, 0.6910112359550562
576, 0.7472924187725631, 0.6555555555555556, 0.6910112359550562
577, 0.7472924187725631, 0.6555555555555556, 0.6910112359550562
578, 0.7472924187725631, 0.6555555555555556, 0.6910112359550562
579, 0.7472924187725631, 0.6555555555555556, 0.6910112359550562
36	0	3	0	1	1	
1	1	8	1	0	7	
0	0	34	2	0	1	
2	0	4	13	0	0	
0	1	7	2	0	7	
2	0	5	0	0	39	
580, 0.7472924187725631, 0.6555555555555556, 0.6910112359550562
581, 0.7472924187725631, 0.6555555555555556, 0.6910112359550562
582, 0.7472924187725631, 0.6555555555555556, 0.6910112359550562
583, 0.7472924187725631, 0.6555555555555556, 0.6910112359550562
584, 0.7472924187725631, 0.6555555555555556, 0.6910112359550562
585, 0.7472924187725631, 0.6555555555555556, 0.6910112359550562
586, 0.7472924187725631, 0.6555555555555556, 0.6910112359550562
587, 0.7472924187725631, 0.6555555555555556, 0.6910112359550562
588, 0.7472924187725631, 0.6555555555555556, 0.6910112359550562
589, 0.7472924187725631, 0.65, 0.6910112359550562
590, 0.7472924187725631, 0.65, 0.6910112359550562
591, 0.7472924187725631, 0.65, 0.6910112359550562
592, 0.7472924187725631, 0.65, 0.6910112359550562
593, 0.7472924187725631, 0.6555555555555556, 0.6910112359550562
594, 0.7472924187725631, 0.6555555555555556, 0.6910112359550562
595, 0.7472924187725631, 0.6555555555555556, 0.6910112359550562
596, 0.7472924187725631, 0.6555555555555556, 0.6910112359550562
597, 0.7472924187725631, 0.6555555555555556, 0.6910112359550562
598, 0.7472924187725631, 0.6555555555555556, 0.6910112359550562
599, 0.7472924187725631, 0.6555555555555556, 0.6910112359550562
36	0	3	0	1	1	
1	1	8	1	0	7	
0	0	34	2	0	1	
2	1	3	13	0	0	
0	1	7	2	0	7	
2	0	5	0	0	39	
600, 0.7472924187725631, 0.6555555555555556, 0.6910112359550562
601, 0.7472924187725631, 0.6555555555555556, 0.6910112359550562
602, 0.7472924187725631, 0.6555555555555556, 0.6910112359550562
603, 0.7472924187725631, 0.6555555555555556, 0.6910112359550562
604, 0.7472924187725631, 0.6611111111111111, 0.6910112359550562
605, 0.7472924187725631, 0.6611111111111111, 0.6910112359550562
606, 0.7490974729241877, 0.6611111111111111, 0.6910112359550562
607, 0.7490974729241877, 0.6611111111111111, 0.6910112359550562
608, 0.7490974729241877, 0.6611111111111111, 0.6910112359550562
609, 0.7490974729241877, 0.6611111111111111, 0.6910112359550562
610, 0.7490974729241877, 0.6611111111111111, 0.6910112359550562
611, 0.7490974729241877, 0.6611111111111111, 0.6910112359550562
612, 0.7509025270758123, 0.6611111111111111, 0.6910112359550562
613, 0.7509025270758123, 0.6611111111111111, 0.6910112359550562
614, 0.7509025270758123, 0.6611111111111111, 0.6910112359550562
615, 0.7509025270758123, 0.6611111111111111, 0.6910112359550562
616, 0.7509025270758123, 0.6611111111111111, 0.6966292134831461
617, 0.7509025270758123, 0.6611111111111111, 0.6966292134831461
618, 0.7509025270758123, 0.6611111111111111, 0.6966292134831461
619, 0.7509025270758123, 0.6611111111111111, 0.6966292134831461
36	0	3	0	1	1	
1	1	8	1	0	7	
0	0	34	2	0	1	
1	1	3	14	0	0	
0	1	7	2	0	7	
2	0	5	0	0	39	
620, 0.7509025270758123, 0.6611111111111111, 0.6966292134831461
621, 0.7527075812274369, 0.6611111111111111, 0.6966292134831461
622, 0.7527075812274369, 0.6611111111111111, 0.6966292134831461
623, 0.7527075812274369, 0.6611111111111111, 0.6966292134831461
624, 0.7545126353790613, 0.6611111111111111, 0.6966292134831461
625, 0.7545126353790613, 0.6611111111111111, 0.6966292134831461
626, 0.7545126353790613, 0.6611111111111111, 0.6966292134831461
627, 0.7563176895306859, 0.6611111111111111, 0.6966292134831461
628, 0.7563176895306859, 0.6611111111111111, 0.6910112359550562
629, 0.7563176895306859, 0.6611111111111111, 0.6910112359550562
630, 0.7563176895306859, 0.6611111111111111, 0.6910112359550562
631, 0.7581227436823105, 0.6611111111111111, 0.6910112359550562
632, 0.7581227436823105, 0.6611111111111111, 0.6910112359550562
633, 0.7581227436823105, 0.6611111111111111, 0.6910112359550562
634, 0.7581227436823105, 0.6611111111111111, 0.6910112359550562
635, 0.7581227436823105, 0.6611111111111111, 0.6910112359550562
636, 0.7581227436823105, 0.6611111111111111, 0.6910112359550562
637, 0.7563176895306859, 0.6611111111111111, 0.6910112359550562
638, 0.7563176895306859, 0.6611111111111111, 0.6910112359550562
639, 0.7563176895306859, 0.6611111111111111, 0.6910112359550562
35	0	4	0	1	1	
1	1	8	1	0	7	
0	0	34	2	0	1	
1	1	3	14	0	0	
0	1	7	2	0	7	
2	0	5	0	0	39	
640, 0.7581227436823105, 0.6611111111111111, 0.6910112359550562
641, 0.7581227436823105, 0.6611111111111111, 0.6910112359550562
642, 0.759927797833935, 0.6611111111111111, 0.6910112359550562
643, 0.759927797833935, 0.6611111111111111, 0.6910112359550562
644, 0.759927797833935, 0.6611111111111111, 0.6910112359550562
645, 0.759927797833935, 0.6611111111111111, 0.6910112359550562
646, 0.759927797833935, 0.6611111111111111, 0.6910112359550562
647, 0.759927797833935, 0.6611111111111111, 0.6910112359550562
648, 0.759927797833935, 0.6611111111111111, 0.6910112359550562
649, 0.759927797833935, 0.6611111111111111, 0.6910112359550562
650, 0.759927797833935, 0.6611111111111111, 0.6910112359550562
651, 0.759927797833935, 0.6611111111111111, 0.6910112359550562
652, 0.759927797833935, 0.6611111111111111, 0.6910112359550562
653, 0.7617328519855595, 0.6611111111111111, 0.6910112359550562
654, 0.7617328519855595, 0.6611111111111111, 0.6910112359550562
655, 0.7617328519855595, 0.6611111111111111, 0.6910112359550562
656, 0.7617328519855595, 0.6611111111111111, 0.6910112359550562
657, 0.7617328519855595, 0.6611111111111111, 0.6966292134831461
658, 0.7617328519855595, 0.6611111111111111, 0.6966292134831461
659, 0.7653429602888087, 0.6611111111111111, 0.6966292134831461
35	1	4	0	0	1	
1	2	7	1	0	7	
0	0	34	2	0	1	
1	1	3	14	0	0	
0	1	7	2	0	7	
2	0	5	0	0	39	
660, 0.7653429602888087, 0.6611111111111111, 0.6966292134831461
661, 0.7653429602888087, 0.6611111111111111, 0.6966292134831461
662, 0.7653429602888087, 0.6666666666666666, 0.6966292134831461
663, 0.7653429602888087, 0.6666666666666666, 0.6966292134831461
664, 0.7653429602888087, 0.6722222222222223, 0.6966292134831461
665, 0.7671480144404332, 0.6722222222222223, 0.6966292134831461
666, 0.7671480144404332, 0.6722222222222223, 0.6966292134831461
667, 0.7671480144404332, 0.6722222222222223, 0.6966292134831461
668, 0.7671480144404332, 0.6722222222222223, 0.6966292134831461
669, 0.7671480144404332, 0.6722222222222223, 0.6966292134831461
670, 0.7671480144404332, 0.6722222222222223, 0.702247191011236
671, 0.7671480144404332, 0.6722222222222223, 0.702247191011236
672, 0.7671480144404332, 0.6722222222222223, 0.702247191011236
673, 0.7671480144404332, 0.6722222222222223, 0.702247191011236
674, 0.7671480144404332, 0.6722222222222223, 0.702247191011236
675, 0.7671480144404332, 0.6722222222222223, 0.702247191011236
676, 0.7671480144404332, 0.6722222222222223, 0.6966292134831461
677, 0.7671480144404332, 0.6722222222222223, 0.6966292134831461
678, 0.7671480144404332, 0.6722222222222223, 0.6966292134831461
679, 0.7689530685920578, 0.6722222222222223, 0.6966292134831461
35	1	4	0	0	1	
1	2	7	1	0	7	
0	1	33	2	0	1	
1	1	3	14	0	0	
0	1	7	1	1	7	
2	0	5	0	0	39	
680, 0.7689530685920578, 0.6722222222222223, 0.6966292134831461
681, 0.7689530685920578, 0.6722222222222223, 0.6966292134831461
682, 0.7671480144404332, 0.6722222222222223, 0.6966292134831461
683, 0.7671480144404332, 0.6722222222222223, 0.6966292134831461
684, 0.7671480144404332, 0.6722222222222223, 0.6966292134831461
685, 0.7671480144404332, 0.6722222222222223, 0.6966292134831461
686, 0.7671480144404332, 0.6722222222222223, 0.6966292134831461
687, 0.7671480144404332, 0.6722222222222223, 0.6966292134831461
688, 0.7671480144404332, 0.6722222222222223, 0.6966292134831461
689, 0.7671480144404332, 0.6722222222222223, 0.6966292134831461
690, 0.7671480144404332, 0.6722222222222223, 0.6966292134831461
691, 0.7671480144404332, 0.6722222222222223, 0.6966292134831461
692, 0.7671480144404332, 0.6722222222222223, 0.6966292134831461
693, 0.7671480144404332, 0.6722222222222223, 0.6966292134831461
694, 0.7671480144404332, 0.6722222222222223, 0.6966292134831461
695, 0.7689530685920578, 0.6722222222222223, 0.6966292134831461
696, 0.7689530685920578, 0.6722222222222223, 0.6966292134831461
697, 0.7707581227436823, 0.6722222222222223, 0.6966292134831461
698, 0.7707581227436823, 0.6722222222222223, 0.6966292134831461
699, 0.7707581227436823, 0.6722222222222223, 0.6966292134831461
35	1	4	0	0	1	
1	2	7	1	0	7	
0	1	33	2	0	1	
1	1	3	14	0	0	
0	1	7	1	1	7	
2	0	5	0	0	39	
700, 0.7707581227436823, 0.6722222222222223, 0.6966292134831461
701, 0.7707581227436823, 0.6722222222222223, 0.6966292134831461
702, 0.7725631768953068, 0.6722222222222223, 0.6966292134831461
703, 0.7725631768953068, 0.6722222222222223, 0.6966292134831461
704, 0.7725631768953068, 0.6722222222222223, 0.6966292134831461
705, 0.7725631768953068, 0.6722222222222223, 0.6966292134831461
706, 0.7725631768953068, 0.6722222222222223, 0.6966292134831461
707, 0.7743682310469314, 0.6722222222222223, 0.6966292134831461
708, 0.7743682310469314, 0.6722222222222223, 0.6966292134831461
709, 0.7743682310469314, 0.6722222222222223, 0.6966292134831461
710, 0.7743682310469314, 0.6722222222222223, 0.6966292134831461
711, 0.776173285198556, 0.6722222222222223, 0.6966292134831461
712, 0.776173285198556, 0.6722222222222223, 0.6966292134831461
713, 0.776173285198556, 0.6722222222222223, 0.6966292134831461
714, 0.776173285198556, 0.6722222222222223, 0.6966292134831461
715, 0.776173285198556, 0.6722222222222223, 0.6966292134831461
716, 0.7779783393501805, 0.6722222222222223, 0.6966292134831461
717, 0.7779783393501805, 0.6722222222222223, 0.6966292134831461
718, 0.7779783393501805, 0.6722222222222223, 0.6966292134831461
719, 0.7779783393501805, 0.6722222222222223, 0.6966292134831461
35	1	4	0	0	1	
1	2	7	1	0	7	
0	1	33	2	0	1	
1	1	3	14	0	0	
0	2	6	1	1	7	
2	0	5	0	0	39	
720, 0.779783393501805, 0.6722222222222223, 0.6966292134831461
721, 0.7815884476534296, 0.6722222222222223, 0.6910112359550562
722, 0.7815884476534296, 0.6722222222222223, 0.6910112359550562
723, 0.7815884476534296, 0.6777777777777778, 0.6910112359550562
724, 0.7815884476534296, 0.6777777777777778, 0.6910112359550562
725, 0.7815884476534296, 0.6777777777777778, 0.6910112359550562
726, 0.7815884476534296, 0.6777777777777778, 0.6910112359550562
727, 0.7815884476534296, 0.6777777777777778, 0.6910112359550562
728, 0.7815884476534296, 0.6777777777777778, 0.6910112359550562
729, 0.7815884476534296, 0.6777777777777778, 0.6910112359550562
730, 0.7815884476534296, 0.6777777777777778, 0.6910112359550562
731, 0.7815884476534296, 0.6777777777777778, 0.6910112359550562
732, 0.7815884476534296, 0.6777777777777778, 0.6910112359550562
733, 0.7815884476534296, 0.6833333333333333, 0.6910112359550562
734, 0.7833935018050542, 0.6777777777777778, 0.6910112359550562
735, 0.7833935018050542, 0.6777777777777778, 0.6910112359550562
736, 0.7833935018050542, 0.6777777777777778, 0.6910112359550562
737, 0.7833935018050542, 0.6777777777777778, 0.6910112359550562
738, 0.7833935018050542, 0.6777777777777778, 0.6910112359550562
739, 0.7833935018050542, 0.6777777777777778, 0.6910112359550562
34	1	4	1	0	1	
1	2	7	1	0	7	
0	1	33	2	0	1	
1	1	3	14	0	0	
0	2	5	2	1	7	
2	0	5	0	0	39	
740, 0.7833935018050542, 0.6777777777777778, 0.6910112359550562
741, 0.7851985559566786, 0.6777777777777778, 0.6853932584269663
742, 0.7851985559566786, 0.6777777777777778, 0.6853932584269663
743, 0.7851985559566786, 0.6777777777777778, 0.6853932584269663
744, 0.7870036101083032, 0.6888888888888889, 0.6853932584269663
745, 0.7870036101083032, 0.6888888888888889, 0.6853932584269663
746, 0.7870036101083032, 0.6888888888888889, 0.6853932584269663
747, 0.7888086642599278, 0.6888888888888889, 0.6853932584269663
748, 0.7888086642599278, 0.6888888888888889, 0.6853932584269663
749, 0.7888086642599278, 0.6888888888888889, 0.6853932584269663
750, 0.7888086642599278, 0.6888888888888889, 0.6853932584269663
751, 0.7888086642599278, 0.6888888888888889, 0.6853932584269663
752, 0.7888086642599278, 0.6888888888888889, 0.6853932584269663
753, 0.7888086642599278, 0.6888888888888889, 0.6797752808988764
754, 0.7888086642599278, 0.6888888888888889, 0.6797752808988764
755, 0.7888086642599278, 0.6888888888888889, 0.6797752808988764
756, 0.7888086642599278, 0.6888888888888889, 0.6797752808988764
757, 0.7888086642599278, 0.6888888888888889, 0.6797752808988764
758, 0.7888086642599278, 0.6888888888888889, 0.6797752808988764
759, 0.7888086642599278, 0.6888888888888889, 0.6797752808988764
33	2	3	1	0	2	
1	2	7	1	0	7	
0	1	33	2	0	1	
1	0	4	14	0	0	
0	2	5	2	1	7	
2	0	5	1	0	38	
760, 0.7888086642599278, 0.6888888888888889, 0.6797752808988764
761, 0.7888086642599278, 0.6888888888888889, 0.6797752808988764
762, 0.7888086642599278, 0.6888888888888889, 0.6797752808988764
763, 0.7888086642599278, 0.6888888888888889, 0.6853932584269663
764, 0.7888086642599278, 0.6888888888888889, 0.6853932584269663
765, 0.7888086642599278, 0.6888888888888889, 0.6853932584269663
766, 0.7888086642599278, 0.6888888888888889, 0.6853932584269663
767, 0.7888086642599278, 0.6888888888888889, 0.6853932584269663
768, 0.7888086642599278, 0.6888888888888889, 0.6853932584269663
769, 0.7888086642599278, 0.6888888888888889, 0.6853932584269663
770, 0.7888086642599278, 0.6888888888888889, 0.6853932584269663
771, 0.7888086642599278, 0.6888888888888889, 0.6853932584269663
772, 0.7888086642599278, 0.6888888888888889, 0.6853932584269663
773, 0.7888086642599278, 0.6888888888888889, 0.6853932584269663
774, 0.7906137184115524, 0.6888888888888889, 0.6853932584269663
775, 0.7906137184115524, 0.6888888888888889, 0.6853932584269663
776, 0.7906137184115524, 0.6833333333333333, 0.6853932584269663
777, 0.7906137184115524, 0.6833333333333333, 0.6853932584269663
778, 0.7906137184115524, 0.6833333333333333, 0.6853932584269663
779, 0.7906137184115524, 0.6833333333333333, 0.6853932584269663
33	2	2	2	0	2	
0	3	7	1	0	7	
0	1	33	2	0	1	
1	0	4	14	0	0	
0	1	5	2	1	8	
2	0	5	1	0	38	
780, 0.7906137184115524, 0.6833333333333333, 0.6853932584269663
781, 0.7906137184115524, 0.6833333333333333, 0.6853932584269663
782, 0.7924187725631769, 0.6833333333333333, 0.6853932584269663
783, 0.7924187725631769, 0.6833333333333333, 0.6853932584269663
784, 0.7924187725631769, 0.6833333333333333, 0.6853932584269663
785, 0.7924187725631769, 0.6833333333333333, 0.6853932584269663
786, 0.7924187725631769, 0.6833333333333333, 0.6853932584269663
787, 0.7924187725631769, 0.6888888888888889, 0.6853932584269663
788, 0.7924187725631769, 0.6888888888888889, 0.6853932584269663
789, 0.7924187725631769, 0.6888888888888889, 0.6853932584269663
790, 0.7924187725631769, 0.6888888888888889, 0.6853932584269663
791, 0.7924187725631769, 0.6888888888888889, 0.6853932584269663
792, 0.7924187725631769, 0.6888888888888889, 0.6853932584269663
793, 0.7924187725631769, 0.6888888888888889, 0.6853932584269663
794, 0.7924187725631769, 0.6888888888888889, 0.6853932584269663
795, 0.7924187725631769, 0.6888888888888889, 0.6853932584269663
796, 0.7924187725631769, 0.6888888888888889, 0.6853932584269663
797, 0.7924187725631769, 0.6833333333333333, 0.6853932584269663
798, 0.7924187725631769, 0.6833333333333333, 0.6853932584269663
799, 0.7924187725631769, 0.6833333333333333, 0.6853932584269663
33	1	3	2	0	2	
0	3	7	1	0	7	
0	1	33	2	0	1	
1	0	3	14	0	1	
0	1	5	2	1	8	
2	1	4	1	0	38	
800, 0.7924187725631769, 0.6833333333333333, 0.6853932584269663
801, 0.7924187725631769, 0.6833333333333333, 0.6853932584269663
802, 0.7924187725631769, 0.6833333333333333, 0.6853932584269663
803, 0.7924187725631769, 0.6833333333333333, 0.6853932584269663
804, 0.7924187725631769, 0.6833333333333333, 0.6853932584269663
805, 0.7906137184115524, 0.6833333333333333, 0.6853932584269663
806, 0.7906137184115524, 0.6833333333333333, 0.6853932584269663
807, 0.7906137184115524, 0.6833333333333333, 0.6910112359550562
808, 0.7906137184115524, 0.6833333333333333, 0.6910112359550562
809, 0.7906137184115524, 0.6833333333333333, 0.6910112359550562
810, 0.7906137184115524, 0.6833333333333333, 0.6910112359550562
811, 0.7906137184115524, 0.6833333333333333, 0.6910112359550562
812, 0.7906137184115524, 0.6833333333333333, 0.6910112359550562
813, 0.7924187725631769, 0.6833333333333333, 0.6910112359550562
814, 0.7924187725631769, 0.6833333333333333, 0.6910112359550562
815, 0.7906137184115524, 0.6833333333333333, 0.6910112359550562
816, 0.7906137184115524, 0.6833333333333333, 0.6910112359550562
817, 0.7906137184115524, 0.6833333333333333, 0.6910112359550562
818, 0.7888086642599278, 0.6833333333333333, 0.6853932584269663
819, 0.7888086642599278, 0.6833333333333333, 0.6910112359550562
33	1	3	2	0	2	
0	3	7	2	0	6	
0	1	32	2	0	2	
1	0	1	16	0	1	
0	1	5	2	1	8	
2	1	4	1	0	38	
820, 0.7888086642599278, 0.6833333333333333, 0.6910112359550562
821, 0.7888086642599278, 0.6833333333333333, 0.6910112359550562
822, 0.7888086642599278, 0.6833333333333333, 0.6910112359550562
823, 0.7888086642599278, 0.6833333333333333, 0.6910112359550562
824, 0.7888086642599278, 0.6833333333333333, 0.6910112359550562
825, 0.7888086642599278, 0.6833333333333333, 0.6910112359550562
826, 0.7888086642599278, 0.6888888888888889, 0.6910112359550562
827, 0.7888086642599278, 0.6888888888888889, 0.6910112359550562
828, 0.7888086642599278, 0.6888888888888889, 0.6910112359550562
829, 0.7888086642599278, 0.6888888888888889, 0.6910112359550562
830, 0.7888086642599278, 0.6888888888888889, 0.6910112359550562
831, 0.7888086642599278, 0.6888888888888889, 0.6910112359550562
832, 0.7888086642599278, 0.6888888888888889, 0.6910112359550562
833, 0.7888086642599278, 0.6888888888888889, 0.6910112359550562
834, 0.7888086642599278, 0.6888888888888889, 0.6910112359550562
835, 0.7888086642599278, 0.6888888888888889, 0.6910112359550562
836, 0.7888086642599278, 0.6888888888888889, 0.6910112359550562
837, 0.7888086642599278, 0.6888888888888889, 0.6910112359550562
838, 0.7888086642599278, 0.6833333333333333, 0.6910112359550562
839, 0.7888086642599278, 0.6833333333333333, 0.6910112359550562
33	1	3	2	0	2	
0	3	7	2	0	6	
0	1	32	2	0	2	
1	0	1	16	0	1	
0	2	4	2	1	8	
2	1	4	1	0	38	
840, 0.7888086642599278, 0.6833333333333333, 0.6910112359550562
841, 0.7888086642599278, 0.6833333333333333, 0.6966292134831461
842, 0.7888086642599278, 0.6833333333333333, 0.6966292134831461
843, 0.7888086642599278, 0.6833333333333333, 0.6966292134831461
844, 0.7888086642599278, 0.6833333333333333, 0.6966292134831461
845, 0.7888086642599278, 0.6777777777777778, 0.6966292134831461
846, 0.7888086642599278, 0.6777777777777778, 0.6966292134831461
847, 0.7888086642599278, 0.6777777777777778, 0.6910112359550562
848, 0.7888086642599278, 0.6777777777777778, 0.6910112359550562
849, 0.7888086642599278, 0.6777777777777778, 0.6910112359550562
850, 0.7888086642599278, 0.6777777777777778, 0.6910112359550562
851, 0.7888086642599278, 0.6777777777777778, 0.6910112359550562
852, 0.7888086642599278, 0.6777777777777778, 0.6910112359550562
853, 0.7888086642599278, 0.6777777777777778, 0.6910112359550562
854, 0.7888086642599278, 0.6722222222222223, 0.6910112359550562
855, 0.7888086642599278, 0.6722222222222223, 0.6910112359550562
856, 0.7888086642599278, 0.6722222222222223, 0.6910112359550562
857, 0.7888086642599278, 0.6722222222222223, 0.6910112359550562
858, 0.7906137184115524, 0.6722222222222223, 0.6910112359550562
859, 0.7924187725631769, 0.6722222222222223, 0.6910112359550562
33	1	3	2	0	2	
0	3	6	2	0	7	
0	1	32	2	0	2	
1	0	1	15	0	2	
0	2	4	2	1	8	
0	1	4	1	0	40	
860, 0.7924187725631769, 0.6722222222222223, 0.6966292134831461
861, 0.7924187725631769, 0.6722222222222223, 0.702247191011236
862, 0.7924187725631769, 0.6722222222222223, 0.702247191011236
863, 0.7924187725631769, 0.6722222222222223, 0.702247191011236
864, 0.7906137184115524, 0.6722222222222223, 0.702247191011236
865, 0.7924187725631769, 0.6722222222222223, 0.702247191011236
866, 0.7924187725631769, 0.6722222222222223, 0.702247191011236
867, 0.7924187725631769, 0.6722222222222223, 0.702247191011236
868, 0.7924187725631769, 0.6722222222222223, 0.6966292134831461
869, 0.7924187725631769, 0.6722222222222223, 0.6966292134831461
870, 0.7924187725631769, 0.6722222222222223, 0.6966292134831461
871, 0.7924187725631769, 0.6722222222222223, 0.6966292134831461
872, 0.7924187725631769, 0.6722222222222223, 0.6966292134831461
873, 0.7924187725631769, 0.6722222222222223, 0.6966292134831461
874, 0.7924187725631769, 0.6722222222222223, 0.6966292134831461
875, 0.7906137184115524, 0.6722222222222223, 0.6966292134831461
876, 0.7906137184115524, 0.6722222222222223, 0.6966292134831461
877, 0.7906137184115524, 0.6722222222222223, 0.6966292134831461
878, 0.7924187725631769, 0.6722222222222223, 0.6966292134831461
879, 0.7924187725631769, 0.6722222222222223, 0.6966292134831461
33	2	2	2	0	2	
0	4	6	1	0	7	
0	1	32	2	0	2	
1	0	1	14	0	3	
0	2	4	2	1	8	
0	1	4	0	0	41	
880, 0.7924187725631769, 0.6722222222222223, 0.702247191011236
881, 0.7924187725631769, 0.6722222222222223, 0.702247191011236
882, 0.7924187725631769, 0.6777777777777778, 0.702247191011236
883, 0.7924187725631769, 0.6777777777777778, 0.702247191011236
884, 0.7924187725631769, 0.6777777777777778, 0.702247191011236
885, 0.7924187725631769, 0.6777777777777778, 0.702247191011236
886, 0.7924187725631769, 0.6777777777777778, 0.702247191011236
887, 0.7924187725631769, 0.6777777777777778, 0.702247191011236
888, 0.7924187725631769, 0.6777777777777778, 0.702247191011236
889, 0.7924187725631769, 0.6777777777777778, 0.702247191011236
890, 0.7924187725631769, 0.6777777777777778, 0.702247191011236
891, 0.7924187725631769, 0.6777777777777778, 0.702247191011236
892, 0.7924187725631769, 0.6777777777777778, 0.6966292134831461
893, 0.7924187725631769, 0.6777777777777778, 0.6966292134831461
894, 0.7924187725631769, 0.6777777777777778, 0.6966292134831461
895, 0.7942238267148014, 0.6777777777777778, 0.6966292134831461
896, 0.7942238267148014, 0.6777777777777778, 0.6966292134831461
897, 0.7942238267148014, 0.6777777777777778, 0.6966292134831461
898, 0.7942238267148014, 0.6777777777777778, 0.6966292134831461
899, 0.7942238267148014, 0.6777777777777778, 0.6966292134831461
33	2	1	2	0	3	
0	4	6	1	0	7	
0	1	31	2	0	3	
1	0	1	14	0	3	
0	2	4	2	1	8	
0	1	4	0	0	41	
900, 0.7942238267148014, 0.6777777777777778, 0.6966292134831461
901, 0.7924187725631769, 0.6777777777777778, 0.6966292134831461
902, 0.7924187725631769, 0.6777777777777778, 0.6966292134831461
903, 0.7924187725631769, 0.6777777777777778, 0.6966292134831461
904, 0.7924187725631769, 0.6777777777777778, 0.6966292134831461
905, 0.7924187725631769, 0.6777777777777778, 0.6966292134831461
906, 0.7924187725631769, 0.6777777777777778, 0.6966292134831461
907, 0.7924187725631769, 0.6777777777777778, 0.6966292134831461
908, 0.7924187725631769, 0.6777777777777778, 0.6966292134831461
909, 0.7924187725631769, 0.6777777777777778, 0.6966292134831461
910, 0.7924187725631769, 0.6777777777777778, 0.6966292134831461
911, 0.7924187725631769, 0.6777777777777778, 0.6966292134831461
912, 0.7924187725631769, 0.6777777777777778, 0.6966292134831461
913, 0.7924187725631769, 0.6777777777777778, 0.6966292134831461
914, 0.7924187725631769, 0.6777777777777778, 0.6966292134831461
915, 0.7942238267148014, 0.6777777777777778, 0.6966292134831461
916, 0.7942238267148014, 0.6777777777777778, 0.6966292134831461
917, 0.7942238267148014, 0.6777777777777778, 0.6966292134831461
918, 0.7942238267148014, 0.6777777777777778, 0.6966292134831461
919, 0.7942238267148014, 0.6777777777777778, 0.6966292134831461
33	2	1	2	0	3	
0	4	6	1	0	7	
0	1	31	2	0	3	
1	0	1	14	0	3	
0	2	4	2	1	8	
0	1	4	0	0	41	
920, 0.7942238267148014, 0.6777777777777778, 0.6966292134831461
921, 0.7942238267148014, 0.6777777777777778, 0.6966292134831461
922, 0.7942238267148014, 0.6777777777777778, 0.6966292134831461
923, 0.7942238267148014, 0.6777777777777778, 0.6966292134831461
924, 0.7942238267148014, 0.6777777777777778, 0.6966292134831461
925, 0.7942238267148014, 0.6777777777777778, 0.6966292134831461
926, 0.7942238267148014, 0.6777777777777778, 0.6966292134831461
927, 0.796028880866426, 0.6777777777777778, 0.6966292134831461
928, 0.796028880866426, 0.6777777777777778, 0.6966292134831461
929, 0.796028880866426, 0.6777777777777778, 0.6910112359550562
930, 0.7978339350180506, 0.6777777777777778, 0.6910112359550562
931, 0.7978339350180506, 0.6777777777777778, 0.6910112359550562
932, 0.7978339350180506, 0.6833333333333333, 0.6910112359550562
933, 0.7978339350180506, 0.6833333333333333, 0.6910112359550562
934, 0.7978339350180506, 0.6833333333333333, 0.6910112359550562
935, 0.796028880866426, 0.6833333333333333, 0.6910112359550562
936, 0.7942238267148014, 0.6833333333333333, 0.6910112359550562
937, 0.7942238267148014, 0.6833333333333333, 0.6966292134831461
938, 0.7942238267148014, 0.6833333333333333, 0.6966292134831461
939, 0.7942238267148014, 0.6833333333333333, 0.702247191011236
