dropout = 0.5£¨ 100% training set
The trainset contains 554 examples.  Took 1 seconds.
The  testset contains 180 examples.  Took 220 milliseconds.
The  tuneset contains 178 examples.  Took 243 milliseconds.

The input vector size is 4,096.

Converted 554 TRAIN examples to feature vectors. Took 167 milliseconds.
Converted 180 TUNE  examples to feature vectors. Took 2 seconds.
Converted 178 TEST  examples to feature vectors. Took 30 milliseconds.

Time to start learning!
0, 0.26353790613718414, 0.2611111111111111, 0.25842696629213485
1, 0.2292418772563177, 0.23333333333333334, 0.2303370786516854
2, 0.2292418772563177, 0.23333333333333334, 0.2303370786516854
3, 0.2292418772563177, 0.23333333333333334, 0.2303370786516854
4, 0.2292418772563177, 0.23333333333333334, 0.2303370786516854
5, 0.26353790613718414, 0.2611111111111111, 0.25842696629213485
6, 0.2292418772563177, 0.23333333333333334, 0.2303370786516854
7, 0.2292418772563177, 0.23333333333333334, 0.2303370786516854
8, 0.2292418772563177, 0.23333333333333334, 0.2303370786516854
9, 0.2292418772563177, 0.23333333333333334, 0.2303370786516854
10, 0.2292418772563177, 0.23333333333333334, 0.2303370786516854
11, 0.26353790613718414, 0.2611111111111111, 0.25842696629213485
12, 0.20577617328519857, 0.20555555555555555, 0.20786516853932585
13, 0.2292418772563177, 0.23333333333333334, 0.2303370786516854
14, 0.2292418772563177, 0.23333333333333334, 0.2303370786516854
15, 0.2292418772563177, 0.23333333333333334, 0.2303370786516854
16, 0.2292418772563177, 0.23333333333333334, 0.2303370786516854
17, 0.2292418772563177, 0.23333333333333334, 0.2303370786516854
18, 0.2292418772563177, 0.23333333333333334, 0.2303370786516854
19, 0.2292418772563177, 0.23333333333333334, 0.2303370786516854
20, 0.2292418772563177, 0.23333333333333334, 0.2303370786516854
21, 0.2292418772563177, 0.23333333333333334, 0.2303370786516854
22, 0.2292418772563177, 0.23333333333333334, 0.2303370786516854
23, 0.2292418772563177, 0.23333333333333334, 0.2303370786516854
24, 0.2292418772563177, 0.23333333333333334, 0.2303370786516854
25, 0.2292418772563177, 0.23333333333333334, 0.2303370786516854
26, 0.2292418772563177, 0.23333333333333334, 0.2303370786516854
27, 0.2292418772563177, 0.23333333333333334, 0.2303370786516854
28, 0.26353790613718414, 0.2611111111111111, 0.25842696629213485
29, 0.2292418772563177, 0.23333333333333334, 0.2303370786516854
30, 0.2292418772563177, 0.23333333333333334, 0.2303370786516854
31, 0.2292418772563177, 0.23333333333333334, 0.2303370786516854
32, 0.20577617328519857, 0.20555555555555555, 0.20786516853932585
33, 0.2292418772563177, 0.23333333333333334, 0.2303370786516854
34, 0.2292418772563177, 0.23333333333333334, 0.2303370786516854
35, 0.20577617328519857, 0.20555555555555555, 0.20786516853932585
36, 0.2292418772563177, 0.23333333333333334, 0.2303370786516854
37, 0.20577617328519857, 0.20555555555555555, 0.20786516853932585
38, 0.2292418772563177, 0.23333333333333334, 0.2303370786516854
39, 0.2292418772563177, 0.23333333333333334, 0.2303370786516854
40, 0.2292418772563177, 0.23333333333333334, 0.2303370786516854
41, 0.20577617328519857, 0.20555555555555555, 0.20786516853932585
42, 0.2292418772563177, 0.23333333333333334, 0.2303370786516854
43, 0.2292418772563177, 0.23333333333333334, 0.2303370786516854
44, 0.2292418772563177, 0.23333333333333334, 0.2303370786516854
45, 0.20577617328519857, 0.20555555555555555, 0.20786516853932585
46, 0.20577617328519857, 0.20555555555555555, 0.20786516853932585
47, 0.20577617328519857, 0.20555555555555555, 0.20786516853932585
48, 0.2292418772563177, 0.23333333333333334, 0.2303370786516854
49, 0.2292418772563177, 0.23333333333333334, 0.2303370786516854
50, 0.2292418772563177, 0.23333333333333334, 0.2303370786516854
51, 0.2292418772563177, 0.23333333333333334, 0.2303370786516854
52, 0.2292418772563177, 0.23333333333333334, 0.2303370786516854
53, 0.2292418772563177, 0.23333333333333334, 0.2303370786516854
54, 0.2292418772563177, 0.23333333333333334, 0.2303370786516854
55, 0.2292418772563177, 0.23333333333333334, 0.2303370786516854
56, 0.2509025270758123, 0.24444444444444444, 0.2696629213483146
57, 0.2292418772563177, 0.23333333333333334, 0.2303370786516854
58, 0.20577617328519857, 0.20555555555555555, 0.20786516853932585
59, 0.2292418772563177, 0.23333333333333334, 0.2303370786516854
60, 0.2292418772563177, 0.23333333333333334, 0.2303370786516854
61, 0.09927797833935018, 0.1, 0.10112359550561797
62, 0.2292418772563177, 0.23333333333333334, 0.2303370786516854
63, 0.2292418772563177, 0.23333333333333334, 0.2303370786516854
64, 0.2292418772563177, 0.23333333333333334, 0.2303370786516854
65, 0.2292418772563177, 0.23333333333333334, 0.2303370786516854
66, 0.26353790613718414, 0.2611111111111111, 0.25842696629213485
67, 0.2292418772563177, 0.23333333333333334, 0.2303370786516854
68, 0.2292418772563177, 0.23333333333333334, 0.2303370786516854
69, 0.2292418772563177, 0.23333333333333334, 0.2303370786516854
70, 0.2292418772563177, 0.23333333333333334, 0.2303370786516854
71, 0.2292418772563177, 0.23333333333333334, 0.2303370786516854
72, 0.2292418772563177, 0.23333333333333334, 0.2303370786516854
73, 0.2292418772563177, 0.23333333333333334, 0.2303370786516854
74, 0.2292418772563177, 0.23333333333333334, 0.2303370786516854
75, 0.2292418772563177, 0.23333333333333334, 0.2303370786516854
76, 0.2292418772563177, 0.23333333333333334, 0.2303370786516854
77, 0.2292418772563177, 0.23333333333333334, 0.2303370786516854
78, 0.2292418772563177, 0.23333333333333334, 0.2303370786516854
79, 0.26353790613718414, 0.2611111111111111, 0.25842696629213485
80, 0.2292418772563177, 0.23333333333333334, 0.2303370786516854
81, 0.20577617328519857, 0.20555555555555555, 0.20786516853932585
82, 0.2292418772563177, 0.23333333333333334, 0.2303370786516854
83, 0.20577617328519857, 0.20555555555555555, 0.20786516853932585
84, 0.2292418772563177, 0.23333333333333334, 0.2303370786516854
85, 0.2292418772563177, 0.23333333333333334, 0.2303370786516854
86, 0.2292418772563177, 0.23333333333333334, 0.2303370786516854
87, 0.2292418772563177, 0.23333333333333334, 0.2303370786516854
88, 0.2292418772563177, 0.23333333333333334, 0.2303370786516854
89, 0.2292418772563177, 0.23333333333333334, 0.2303370786516854
90, 0.2292418772563177, 0.23333333333333334, 0.2303370786516854
91, 0.2292418772563177, 0.23333333333333334, 0.2303370786516854
92, 0.2292418772563177, 0.23333333333333334, 0.2303370786516854
93, 0.20577617328519857, 0.20555555555555555, 0.20786516853932585
94, 0.26353790613718414, 0.2611111111111111, 0.25842696629213485
95, 0.2292418772563177, 0.23333333333333334, 0.2303370786516854
96, 0.26353790613718414, 0.2611111111111111, 0.25842696629213485
97, 0.20577617328519857, 0.20555555555555555, 0.20786516853932585
98, 0.2292418772563177, 0.23333333333333334, 0.2303370786516854
99, 0.26353790613718414, 0.2611111111111111, 0.25842696629213485
100, 0.2292418772563177, 0.23333333333333334, 0.2303370786516854
101, 0.2292418772563177, 0.23333333333333334, 0.2303370786516854
102, 0.26353790613718414, 0.2611111111111111, 0.25842696629213485
103, 0.2292418772563177, 0.23333333333333334, 0.2303370786516854
104, 0.2292418772563177, 0.23333333333333334, 0.2303370786516854
105, 0.2292418772563177, 0.23333333333333334, 0.2303370786516854
106, 0.2292418772563177, 0.23333333333333334, 0.2303370786516854
107, 0.20577617328519857, 0.20555555555555555, 0.20786516853932585
108, 0.2292418772563177, 0.23333333333333334, 0.2303370786516854
109, 0.2292418772563177, 0.23333333333333334, 0.2303370786516854
110, 0.2292418772563177, 0.23333333333333334, 0.2303370786516854
111, 0.2292418772563177, 0.23333333333333334, 0.2303370786516854
112, 0.2292418772563177, 0.23333333333333334, 0.2303370786516854
113, 0.2292418772563177, 0.23333333333333334, 0.2303370786516854
114, 0.2292418772563177, 0.23333333333333334, 0.2303370786516854
115, 0.2292418772563177, 0.23333333333333334, 0.2303370786516854
116, 0.09927797833935018, 0.1, 0.10112359550561797
117, 0.2292418772563177, 0.23333333333333334, 0.2303370786516854
118, 0.2292418772563177, 0.23333333333333334, 0.2303370786516854
119, 0.2292418772563177, 0.23333333333333334, 0.2303370786516854
120, 0.2292418772563177, 0.23333333333333334, 0.2303370786516854
121, 0.2292418772563177, 0.23333333333333334, 0.2303370786516854
122, 0.2292418772563177, 0.23333333333333334, 0.2303370786516854
123, 0.2292418772563177, 0.23333333333333334, 0.2303370786516854
124, 0.2292418772563177, 0.23333333333333334, 0.2303370786516854
125, 0.2292418772563177, 0.23333333333333334, 0.2303370786516854
126, 0.20577617328519857, 0.20555555555555555, 0.20786516853932585
127, 0.2292418772563177, 0.23333333333333334, 0.2303370786516854
128, 0.2292418772563177, 0.23333333333333334, 0.2303370786516854
129, 0.2292418772563177, 0.23333333333333334, 0.2303370786516854
130, 0.2292418772563177, 0.23333333333333334, 0.2303370786516854
131, 0.2292418772563177, 0.23333333333333334, 0.2303370786516854
132, 0.2292418772563177, 0.23333333333333334, 0.2303370786516854
133, 0.2292418772563177, 0.23333333333333334, 0.2303370786516854
134, 0.2292418772563177, 0.23333333333333334, 0.2303370786516854
135, 0.2292418772563177, 0.23333333333333334, 0.2303370786516854
136, 0.2292418772563177, 0.23333333333333334, 0.2303370786516854
137, 0.2292418772563177, 0.23333333333333334, 0.2303370786516854
138, 0.20577617328519857, 0.20555555555555555, 0.20786516853932585
139, 0.2292418772563177, 0.23333333333333334, 0.2303370786516854
140, 0.2292418772563177, 0.23333333333333334, 0.2303370786516854
141, 0.2292418772563177, 0.23333333333333334, 0.2303370786516854
142, 0.2292418772563177, 0.23333333333333334, 0.2303370786516854
143, 0.2292418772563177, 0.23333333333333334, 0.2303370786516854
144, 0.2292418772563177, 0.23333333333333334, 0.2303370786516854
145, 0.2292418772563177, 0.23333333333333334, 0.2303370786516854
146, 0.20577617328519857, 0.20555555555555555, 0.20786516853932585
147, 0.2292418772563177, 0.23333333333333334, 0.2303370786516854
148, 0.2292418772563177, 0.23333333333333334, 0.2303370786516854
149, 0.2292418772563177, 0.23333333333333334, 0.2303370786516854
150, 0.2292418772563177, 0.23333333333333334, 0.2303370786516854
151, 0.11010830324909747, 0.10555555555555556, 0.10674157303370786
152, 0.09927797833935018, 0.1, 0.10112359550561797
153, 0.2292418772563177, 0.23333333333333334, 0.2303370786516854
154, 0.2292418772563177, 0.23333333333333334, 0.2303370786516854
155, 0.2292418772563177, 0.23333333333333334, 0.2303370786516854
156, 0.2292418772563177, 0.23333333333333334, 0.2303370786516854
157, 0.2292418772563177, 0.23333333333333334, 0.2303370786516854
158, 0.2292418772563177, 0.23333333333333334, 0.2303370786516854
159, 0.2292418772563177, 0.23333333333333334, 0.2303370786516854
160, 0.11010830324909747, 0.10555555555555556, 0.10674157303370786
161, 0.20577617328519857, 0.20555555555555555, 0.20786516853932585
162, 0.26353790613718414, 0.2611111111111111, 0.25842696629213485
163, 0.20577617328519857, 0.20555555555555555, 0.20786516853932585
164, 0.20577617328519857, 0.20555555555555555, 0.20786516853932585
165, 0.2292418772563177, 0.23333333333333334, 0.2303370786516854
166, 0.2292418772563177, 0.23333333333333334, 0.2303370786516854
167, 0.2292418772563177, 0.23333333333333334, 0.2303370786516854
168, 0.20577617328519857, 0.20555555555555555, 0.20786516853932585
169, 0.2292418772563177, 0.23333333333333334, 0.2303370786516854
170, 0.2292418772563177, 0.23333333333333334, 0.2303370786516854
171, 0.2292418772563177, 0.23333333333333334, 0.2303370786516854
172, 0.2292418772563177, 0.23333333333333334, 0.2303370786516854
173, 0.2292418772563177, 0.23333333333333334, 0.2303370786516854
174, 0.2292418772563177, 0.23333333333333334, 0.2303370786516854
175, 0.2292418772563177, 0.23333333333333334, 0.2303370786516854
176, 0.2292418772563177, 0.23333333333333334, 0.2303370786516854
177, 0.20577617328519857, 0.20555555555555555, 0.20786516853932585
178, 0.23465703971119134, 0.23333333333333334, 0.24157303370786518
179, 0.13537906137184116, 0.12777777777777777, 0.11797752808988764
180, 0.11010830324909747, 0.10555555555555556, 0.10674157303370786
181, 0.26714801444043323, 0.26666666666666666, 0.2640449438202247
182, 0.2292418772563177, 0.23333333333333334, 0.2303370786516854
183, 0.2292418772563177, 0.23333333333333334, 0.2303370786516854
184, 0.2292418772563177, 0.23333333333333334, 0.2303370786516854
185, 0.11010830324909747, 0.10555555555555556, 0.10674157303370786
186, 0.2292418772563177, 0.23333333333333334, 0.2303370786516854
187, 0.2545126353790614, 0.2611111111111111, 0.2640449438202247
188, 0.2292418772563177, 0.23333333333333334, 0.2303370786516854
189, 0.11010830324909747, 0.10555555555555556, 0.10674157303370786
190, 0.2292418772563177, 0.23333333333333334, 0.2303370786516854
191, 0.2292418772563177, 0.23333333333333334, 0.2303370786516854
192, 0.2292418772563177, 0.23333333333333334, 0.2303370786516854
193, 0.2292418772563177, 0.23333333333333334, 0.2303370786516854
194, 0.2292418772563177, 0.23333333333333334, 0.2303370786516854
195, 0.2292418772563177, 0.23333333333333334, 0.2303370786516854
196, 0.2292418772563177, 0.23333333333333334, 0.2303370786516854
197, 0.2292418772563177, 0.23333333333333334, 0.2303370786516854
198, 0.27256317689530685, 0.2611111111111111, 0.25842696629213485
199, 0.2292418772563177, 0.23333333333333334, 0.2303370786516854
200, 0.2292418772563177, 0.23333333333333334, 0.2303370786516854
201, 0.2292418772563177, 0.23333333333333334, 0.2303370786516854
202, 0.2509025270758123, 0.25555555555555554, 0.25842696629213485
203, 0.26895306859205775, 0.26666666666666666, 0.2696629213483146
204, 0.2292418772563177, 0.23333333333333334, 0.2303370786516854
205, 0.15342960288808663, 0.15555555555555556, 0.14606741573033707
206, 0.12454873646209386, 0.15555555555555556, 0.11797752808988764
207, 0.26173285198555957, 0.26666666666666666, 0.2640449438202247
208, 0.2490974729241877, 0.24444444444444444, 0.23595505617977527
209, 0.20577617328519857, 0.20555555555555555, 0.20786516853932585
210, 0.15703971119133575, 0.13333333333333333, 0.15730337078651685
211, 0.17509025270758122, 0.2, 0.17415730337078653
212, 0.1407942238267148, 0.15555555555555556, 0.11797752808988764
213, 0.259927797833935, 0.26666666666666666, 0.2640449438202247
214, 0.21660649819494585, 0.20555555555555555, 0.2247191011235955
215, 0.11010830324909747, 0.10555555555555556, 0.10674157303370786
216, 0.24187725631768953, 0.24444444444444444, 0.23595505617977527
217, 0.26173285198555957, 0.26666666666666666, 0.2640449438202247
218, 0.27978339350180503, 0.2611111111111111, 0.2640449438202247
219, 0.259927797833935, 0.2611111111111111, 0.2640449438202247
220, 0.19494584837545126, 0.18888888888888888, 0.19101123595505617
221, 0.2148014440433213, 0.2, 0.20224719101123595
222, 0.26714801444043323, 0.26666666666666666, 0.25842696629213485
223, 0.11732851985559567, 0.11666666666666667, 0.10112359550561797
224, 0.1588447653429603, 0.18333333333333332, 0.16853932584269662
225, 0.11913357400722022, 0.11666666666666667, 0.10112359550561797
226, 0.2075812274368231, 0.2, 0.21910112359550563
227, 0.2111913357400722, 0.2, 0.2247191011235955
228, 0.26895306859205775, 0.26666666666666666, 0.25842696629213485
229, 0.11010830324909747, 0.10555555555555556, 0.10674157303370786
230, 0.24729241877256317, 0.25, 0.25280898876404495
231, 0.2184115523465704, 0.2, 0.20224719101123595
232, 0.11010830324909747, 0.10555555555555556, 0.10674157303370786
233, 0.13357400722021662, 0.15555555555555556, 0.11797752808988764
234, 0.11010830324909747, 0.10555555555555556, 0.10674157303370786
235, 0.2328519855595668, 0.22777777777777777, 0.23595505617977527
236, 0.14259927797833935, 0.15555555555555556, 0.12359550561797752
237, 0.15162454873646208, 0.15555555555555556, 0.1348314606741573
238, 0.2563176895306859, 0.25, 0.25842696629213485
239, 0.15703971119133575, 0.16666666666666666, 0.15730337078651685
240, 0.259927797833935, 0.26666666666666666, 0.2696629213483146
241, 0.2563176895306859, 0.25, 0.25842696629213485
242, 0.16967509025270758, 0.18888888888888888, 0.16853932584269662
243, 0.11732851985559567, 0.12222222222222222, 0.10674157303370786
244, 0.1552346570397112, 0.16666666666666666, 0.15168539325842698
245, 0.23465703971119134, 0.22777777777777777, 0.23595505617977527
246, 0.11010830324909747, 0.10555555555555556, 0.10112359550561797
247, 0.12815884476534295, 0.15555555555555556, 0.11797752808988764
248, 0.11010830324909747, 0.10555555555555556, 0.10674157303370786
249, 0.1263537906137184, 0.1, 0.12359550561797752
250, 0.14620938628158844, 0.15555555555555556, 0.11797752808988764
251, 0.11010830324909747, 0.10555555555555556, 0.10674157303370786
252, 0.12274368231046931, 0.1, 0.12921348314606743
253, 0.12274368231046931, 0.14444444444444443, 0.11797752808988764
254, 0.12815884476534295, 0.15555555555555556, 0.11797752808988764
255, 0.23104693140794225, 0.2222222222222222, 0.23595505617977527
256, 0.1299638989169675, 0.15555555555555556, 0.11797752808988764
257, 0.23465703971119134, 0.22777777777777777, 0.23595505617977527
258, 0.19855595667870035, 0.2, 0.21910112359550563
259, 0.16787003610108303, 0.2, 0.17415730337078653
260, 0.26714801444043323, 0.26666666666666666, 0.2696629213483146
261, 0.18231046931407943, 0.2, 0.1853932584269663
262, 0.17328519855595667, 0.2, 0.1797752808988764
263, 0.11913357400722022, 0.11666666666666667, 0.10112359550561797
264, 0.19855595667870035, 0.20555555555555555, 0.21910112359550563
265, 0.1552346570397112, 0.15555555555555556, 0.1404494382022472
266, 0.11010830324909747, 0.1111111111111111, 0.10112359550561797
267, 0.11191335740072202, 0.1111111111111111, 0.10112359550561797
268, 0.17148014440433212, 0.20555555555555555, 0.1853932584269663
269, 0.14259927797833935, 0.15555555555555556, 0.11797752808988764
270, 0.11732851985559567, 0.12222222222222222, 0.11235955056179775
271, 0.17870036101083034, 0.20555555555555555, 0.1853932584269663
272, 0.11191335740072202, 0.10555555555555556, 0.10112359550561797
273, 0.15703971119133575, 0.15555555555555556, 0.15168539325842698
274, 0.14620938628158844, 0.15555555555555556, 0.12359550561797752
275, 0.11732851985559567, 0.12777777777777777, 0.12359550561797752
276, 0.13898916967509026, 0.12777777777777777, 0.12359550561797752
277, 0.11913357400722022, 0.10555555555555556, 0.12359550561797752
278, 0.2581227436823105, 0.25555555555555554, 0.2640449438202247
279, 0.18050541516245489, 0.2, 0.1853932584269663
280, 0.14620938628158844, 0.15555555555555556, 0.12359550561797752
281, 0.11913357400722022, 0.13333333333333333, 0.11797752808988764
282, 0.11732851985559567, 0.11666666666666667, 0.10112359550561797
283, 0.11552346570397112, 0.1111111111111111, 0.10112359550561797
284, 0.18592057761732853, 0.2, 0.19662921348314608
285, 0.11732851985559567, 0.10555555555555556, 0.10112359550561797
286, 0.1407942238267148, 0.15555555555555556, 0.11797752808988764
287, 0.11732851985559567, 0.11666666666666667, 0.10112359550561797
288, 0.1407942238267148, 0.15555555555555556, 0.11797752808988764
289, 0.11010830324909747, 0.10555555555555556, 0.10674157303370786
290, 0.1263537906137184, 0.14444444444444443, 0.11797752808988764
291, 0.1588447653429603, 0.16666666666666666, 0.15730337078651685
292, 0.11191335740072202, 0.1111111111111111, 0.10112359550561797
293, 0.11010830324909747, 0.10555555555555556, 0.10674157303370786
294, 0.11732851985559567, 0.12222222222222222, 0.11797752808988764
295, 0.11010830324909747, 0.10555555555555556, 0.10674157303370786
296, 0.11732851985559567, 0.1111111111111111, 0.10112359550561797
297, 0.11191335740072202, 0.1111111111111111, 0.10112359550561797
298, 0.15342960288808663, 0.1388888888888889, 0.15730337078651685
299, 0.11913357400722022, 0.11666666666666667, 0.10112359550561797
300, 0.11732851985559567, 0.12222222222222222, 0.11235955056179775
301, 0.1299638989169675, 0.15, 0.11797752808988764
302, 0.12093862815884476, 0.1388888888888889, 0.11797752808988764
303, 0.11010830324909747, 0.10555555555555556, 0.10674157303370786
304, 0.11552346570397112, 0.1111111111111111, 0.10112359550561797
305, 0.11732851985559567, 0.12222222222222222, 0.11797752808988764
306, 0.12274368231046931, 0.1111111111111111, 0.11235955056179775
307, 0.18592057761732853, 0.20555555555555555, 0.19662921348314608
308, 0.12815884476534295, 0.14444444444444443, 0.11797752808988764
309, 0.1371841155234657, 0.15555555555555556, 0.11797752808988764
310, 0.15162454873646208, 0.15555555555555556, 0.1348314606741573
311, 0.1588447653429603, 0.17777777777777778, 0.16853932584269662
312, 0.11913357400722022, 0.12222222222222222, 0.10674157303370786
313, 0.148014440433213, 0.15555555555555556, 0.12921348314606743
314, 0.15703971119133575, 0.16111111111111112, 0.14606741573033707
315, 0.11913357400722022, 0.13333333333333333, 0.11797752808988764
316, 0.11552346570397112, 0.1111111111111111, 0.10112359550561797
317, 0.11913357400722022, 0.10555555555555556, 0.11235955056179775
318, 0.11010830324909747, 0.10555555555555556, 0.10674157303370786
319, 0.15162454873646208, 0.15555555555555556, 0.1348314606741573
320, 0.11732851985559567, 0.1111111111111111, 0.10112359550561797
321, 0.11191335740072202, 0.1111111111111111, 0.10112359550561797
322, 0.11732851985559567, 0.12222222222222222, 0.11235955056179775
323, 0.11913357400722022, 0.1388888888888889, 0.11797752808988764
324, 0.11732851985559567, 0.12222222222222222, 0.11235955056179775
325, 0.11552346570397112, 0.1111111111111111, 0.10112359550561797
326, 0.11732851985559567, 0.1111111111111111, 0.10112359550561797
327, 0.11552346570397112, 0.1111111111111111, 0.10112359550561797
328, 0.11732851985559567, 0.12222222222222222, 0.11235955056179775
329, 0.13898916967509026, 0.15, 0.11797752808988764
330, 0.11913357400722022, 0.12777777777777777, 0.11797752808988764
331, 0.11191335740072202, 0.1111111111111111, 0.10112359550561797
332, 0.11732851985559567, 0.12222222222222222, 0.11235955056179775
333, 0.11913357400722022, 0.12222222222222222, 0.11235955056179775
334, 0.11913357400722022, 0.13333333333333333, 0.11235955056179775
335, 0.12274368231046931, 0.1388888888888889, 0.11797752808988764
336, 0.11552346570397112, 0.1111111111111111, 0.10112359550561797
337, 0.11913357400722022, 0.12777777777777777, 0.11235955056179775
338, 0.1263537906137184, 0.1388888888888889, 0.11797752808988764
339, 0.12454873646209386, 0.1388888888888889, 0.11797752808988764
340, 0.12274368231046931, 0.1388888888888889, 0.11797752808988764
341, 0.11191335740072202, 0.1111111111111111, 0.10112359550561797
342, 0.11913357400722022, 0.12222222222222222, 0.11235955056179775
343, 0.11191335740072202, 0.1111111111111111, 0.10112359550561797
344, 0.11732851985559567, 0.12222222222222222, 0.11235955056179775
345, 0.1407942238267148, 0.14444444444444443, 0.12359550561797752
346, 0.11732851985559567, 0.1111111111111111, 0.10112359550561797
347, 0.12454873646209386, 0.1388888888888889, 0.11797752808988764
348, 0.11732851985559567, 0.1111111111111111, 0.10112359550561797
349, 0.11732851985559567, 0.1111111111111111, 0.10112359550561797
350, 0.11732851985559567, 0.1111111111111111, 0.10112359550561797
351, 0.1444043321299639, 0.15555555555555556, 0.1348314606741573
352, 0.11371841155234658, 0.1111111111111111, 0.10112359550561797
353, 0.11913357400722022, 0.12222222222222222, 0.11235955056179775
354, 0.11913357400722022, 0.12222222222222222, 0.11235955056179775
355, 0.11732851985559567, 0.12222222222222222, 0.10112359550561797
356, 0.11913357400722022, 0.12222222222222222, 0.10112359550561797
357, 0.11913357400722022, 0.12777777777777777, 0.11235955056179775
358, 0.12093862815884476, 0.12777777777777777, 0.11235955056179775
359, 0.11732851985559567, 0.1111111111111111, 0.10112359550561797
360, 0.12093862815884476, 0.12777777777777777, 0.11235955056179775
361, 0.14259927797833935, 0.14444444444444443, 0.12921348314606743
362, 0.11552346570397112, 0.1111111111111111, 0.10112359550561797
363, 0.15342960288808663, 0.16111111111111112, 0.1404494382022472
364, 0.11732851985559567, 0.12222222222222222, 0.10674157303370786
365, 0.11010830324909747, 0.1111111111111111, 0.10674157303370786
366, 0.14259927797833935, 0.14444444444444443, 0.12921348314606743
367, 0.11913357400722022, 0.12222222222222222, 0.11235955056179775
368, 0.11732851985559567, 0.12222222222222222, 0.11235955056179775
369, 0.11732851985559567, 0.11666666666666667, 0.10112359550561797
370, 0.11732851985559567, 0.11666666666666667, 0.10112359550561797
371, 0.12815884476534295, 0.1388888888888889, 0.11797752808988764
372, 0.12274368231046931, 0.12777777777777777, 0.11235955056179775
373, 0.14259927797833935, 0.14444444444444443, 0.12921348314606743
374, 0.11913357400722022, 0.12222222222222222, 0.11235955056179775
375, 0.12093862815884476, 0.12222222222222222, 0.11235955056179775
376, 0.1299638989169675, 0.1388888888888889, 0.12359550561797752
377, 0.11552346570397112, 0.1111111111111111, 0.10112359550561797
378, 0.12815884476534295, 0.1388888888888889, 0.12359550561797752
379, 0.11913357400722022, 0.12222222222222222, 0.11235955056179775
380, 0.1263537906137184, 0.1388888888888889, 0.11797752808988764
381, 0.1263537906137184, 0.1388888888888889, 0.11797752808988764
382, 0.15703971119133575, 0.16666666666666666, 0.1404494382022472
383, 0.13176895306859207, 0.1388888888888889, 0.12359550561797752
384, 0.11732851985559567, 0.12222222222222222, 0.11235955056179775
385, 0.14620938628158844, 0.15, 0.1348314606741573
386, 0.11371841155234658, 0.1111111111111111, 0.10112359550561797
387, 0.11732851985559567, 0.11666666666666667, 0.10674157303370786
388, 0.12454873646209386, 0.12777777777777777, 0.11235955056179775
389, 0.12093862815884476, 0.12777777777777777, 0.11235955056179775
390, 0.12274368231046931, 0.12222222222222222, 0.11235955056179775
391, 0.12815884476534295, 0.1388888888888889, 0.12359550561797752
392, 0.12815884476534295, 0.1388888888888889, 0.12359550561797752
393, 0.11913357400722022, 0.12222222222222222, 0.11235955056179775
394, 0.1299638989169675, 0.1388888888888889, 0.12359550561797752
395, 0.1263537906137184, 0.1388888888888889, 0.11797752808988764
396, 0.12274368231046931, 0.12222222222222222, 0.11235955056179775
397, 0.13357400722021662, 0.1388888888888889, 0.12359550561797752
398, 0.1263537906137184, 0.1388888888888889, 0.11797752808988764
399, 0.12274368231046931, 0.12222222222222222, 0.11235955056179775
400, 0.1624548736462094, 0.18333333333333332, 0.17415730337078653
401, 0.1299638989169675, 0.1388888888888889, 0.12359550561797752
402, 0.1371841155234657, 0.1388888888888889, 0.12921348314606743
403, 0.1263537906137184, 0.12777777777777777, 0.11235955056179775
404, 0.1263537906137184, 0.12777777777777777, 0.10674157303370786
405, 0.12093862815884476, 0.12777777777777777, 0.11235955056179775
406, 0.1588447653429603, 0.16666666666666666, 0.14606741573033707
407, 0.12815884476534295, 0.1388888888888889, 0.12359550561797752
408, 0.1407942238267148, 0.1388888888888889, 0.1348314606741573
409, 0.12454873646209386, 0.12222222222222222, 0.11235955056179775
410, 0.1371841155234657, 0.1388888888888889, 0.12921348314606743
411, 0.1444043321299639, 0.15, 0.1348314606741573
412, 0.16064981949458484, 0.17222222222222222, 0.16853932584269662
413, 0.1263537906137184, 0.13333333333333333, 0.10674157303370786
414, 0.1588447653429603, 0.17222222222222222, 0.14606741573033707
415, 0.1588447653429603, 0.17222222222222222, 0.16292134831460675
416, 0.1371841155234657, 0.1388888888888889, 0.12921348314606743
417, 0.148014440433213, 0.15555555555555556, 0.1348314606741573
418, 0.12454873646209386, 0.12777777777777777, 0.11235955056179775
419, 0.1552346570397112, 0.16111111111111112, 0.14606741573033707
420, 0.16425992779783394, 0.18333333333333332, 0.17415730337078653
421, 0.1624548736462094, 0.18333333333333332, 0.1853932584269663
422, 0.14259927797833935, 0.14444444444444443, 0.1348314606741573
423, 0.16064981949458484, 0.17777777777777778, 0.16292134831460675
424, 0.1299638989169675, 0.1388888888888889, 0.12359550561797752
425, 0.1624548736462094, 0.17777777777777778, 0.17415730337078653
426, 0.12454873646209386, 0.12222222222222222, 0.11235955056179775
427, 0.13898916967509026, 0.1388888888888889, 0.1348314606741573
428, 0.1263537906137184, 0.12777777777777777, 0.11235955056179775
429, 0.15162454873646208, 0.16111111111111112, 0.1404494382022472
430, 0.17328519855595667, 0.18333333333333332, 0.1853932584269663
431, 0.12454873646209386, 0.12222222222222222, 0.11235955056179775
432, 0.12815884476534295, 0.1388888888888889, 0.12359550561797752
433, 0.15342960288808663, 0.16111111111111112, 0.1404494382022472
434, 0.13898916967509026, 0.1388888888888889, 0.1348314606741573
435, 0.14981949458483754, 0.15, 0.1404494382022472
436, 0.1407942238267148, 0.14444444444444443, 0.1348314606741573
437, 0.11732851985559567, 0.11666666666666667, 0.10674157303370786
438, 0.13898916967509026, 0.14444444444444443, 0.1348314606741573
439, 0.12815884476534295, 0.12222222222222222, 0.11235955056179775
440, 0.1588447653429603, 0.16666666666666666, 0.15168539325842698
441, 0.17689530685920576, 0.18333333333333332, 0.1853932584269663
442, 0.18953068592057762, 0.20555555555555555, 0.20224719101123595
443, 0.1407942238267148, 0.14444444444444443, 0.1348314606741573
444, 0.16064981949458484, 0.16666666666666666, 0.15168539325842698
445, 0.18411552346570398, 0.18888888888888888, 0.1853932584269663
446, 0.1444043321299639, 0.15, 0.1348314606741573
447, 0.11732851985559567, 0.11666666666666667, 0.11235955056179775
448, 0.13537906137184116, 0.1388888888888889, 0.11235955056179775
449, 0.1552346570397112, 0.15555555555555556, 0.1348314606741573
450, 0.16064981949458484, 0.15555555555555556, 0.1404494382022472
451, 0.17328519855595667, 0.18333333333333332, 0.19101123595505617
452, 0.12815884476534295, 0.13333333333333333, 0.11235955056179775
453, 0.19855595667870035, 0.2111111111111111, 0.19662921348314608
454, 0.15703971119133575, 0.15555555555555556, 0.1348314606741573
455, 0.15162454873646208, 0.15, 0.14606741573033707
456, 0.15162454873646208, 0.15555555555555556, 0.1404494382022472
457, 0.1552346570397112, 0.16111111111111112, 0.15168539325842698
458, 0.1624548736462094, 0.17777777777777778, 0.16853932584269662
459, 0.1444043321299639, 0.14444444444444443, 0.1404494382022472
460, 0.1444043321299639, 0.14444444444444443, 0.1348314606741573
461, 0.1624548736462094, 0.17777777777777778, 0.16292134831460675
462, 0.13537906137184116, 0.14444444444444443, 0.12359550561797752
463, 0.1552346570397112, 0.17222222222222222, 0.15730337078651685
464, 0.13898916967509026, 0.14444444444444443, 0.1348314606741573
465, 0.1588447653429603, 0.15555555555555556, 0.15168539325842698
466, 0.1299638989169675, 0.12777777777777777, 0.11235955056179775
467, 0.14981949458483754, 0.15, 0.14606741573033707
468, 0.1444043321299639, 0.15, 0.1404494382022472
469, 0.13537906137184116, 0.14444444444444443, 0.12359550561797752
470, 0.15703971119133575, 0.17222222222222222, 0.15730337078651685
471, 0.16064981949458484, 0.16666666666666666, 0.15730337078651685
472, 0.14620938628158844, 0.15, 0.1404494382022472
473, 0.16064981949458484, 0.17222222222222222, 0.16292134831460675
474, 0.148014440433213, 0.15, 0.15168539325842698
475, 0.13898916967509026, 0.14444444444444443, 0.1348314606741573
476, 0.1624548736462094, 0.16666666666666666, 0.15730337078651685
477, 0.15162454873646208, 0.15555555555555556, 0.15168539325842698
478, 0.16064981949458484, 0.17222222222222222, 0.15730337078651685
479, 0.13357400722021662, 0.13333333333333333, 0.11235955056179775
480, 0.1624548736462094, 0.17222222222222222, 0.16292134831460675
481, 0.1624548736462094, 0.17777777777777778, 0.16853932584269662
482, 0.2075812274368231, 0.21666666666666667, 0.20224719101123595
483, 0.15342960288808663, 0.15555555555555556, 0.15168539325842698
484, 0.17509025270758122, 0.18888888888888888, 0.19662921348314608
485, 0.1444043321299639, 0.15, 0.1404494382022472
486, 0.15703971119133575, 0.16666666666666666, 0.15730337078651685
487, 0.18592057761732853, 0.18888888888888888, 0.17415730337078653
488, 0.17509025270758122, 0.18333333333333332, 0.19662921348314608
489, 0.18411552346570398, 0.19444444444444445, 0.19662921348314608
490, 0.14620938628158844, 0.15, 0.1404494382022472
491, 0.17328519855595667, 0.17777777777777778, 0.17415730337078653
492, 0.2075812274368231, 0.21666666666666667, 0.21348314606741572
493, 0.148014440433213, 0.15, 0.15168539325842698
494, 0.17328519855595667, 0.17222222222222222, 0.17415730337078653
495, 0.16787003610108303, 0.17222222222222222, 0.16853932584269662
496, 0.15342960288808663, 0.15555555555555556, 0.15730337078651685
497, 0.18231046931407943, 0.19444444444444445, 0.19662921348314608
498, 0.2111913357400722, 0.2111111111111111, 0.20786516853932585
499, 0.1407942238267148, 0.15, 0.1404494382022472
500, 0.19494584837545126, 0.2, 0.19662921348314608
501, 0.2111913357400722, 0.2111111111111111, 0.20224719101123595
502, 0.16606498194945848, 0.17777777777777778, 0.16292134831460675
503, 0.1624548736462094, 0.17222222222222222, 0.16292134831460675
504, 0.15162454873646208, 0.15555555555555556, 0.15730337078651685
505, 0.15703971119133575, 0.16666666666666666, 0.15730337078651685
506, 0.17870036101083034, 0.18333333333333332, 0.1853932584269663
507, 0.17509025270758122, 0.17777777777777778, 0.1797752808988764
508, 0.17870036101083034, 0.18888888888888888, 0.19662921348314608
509, 0.18231046931407943, 0.20555555555555555, 0.19662921348314608
510, 0.18231046931407943, 0.18888888888888888, 0.19662921348314608
511, 0.17148014440433212, 0.18888888888888888, 0.19662921348314608
512, 0.21660649819494585, 0.2111111111111111, 0.20224719101123595
513, 0.14981949458483754, 0.15, 0.15168539325842698
514, 0.17148014440433212, 0.18888888888888888, 0.19662921348314608
515, 0.1624548736462094, 0.16111111111111112, 0.16292134831460675
516, 0.18411552346570398, 0.18888888888888888, 0.20224719101123595
517, 0.16606498194945848, 0.15555555555555556, 0.17415730337078653
518, 0.15162454873646208, 0.15555555555555556, 0.14606741573033707
519, 0.15342960288808663, 0.16111111111111112, 0.15730337078651685
520, 0.18411552346570398, 0.18888888888888888, 0.19662921348314608
521, 0.2509025270758123, 0.25555555555555554, 0.21910112359550563
522, 0.16425992779783394, 0.17222222222222222, 0.17415730337078653
523, 0.16967509025270758, 0.17777777777777778, 0.17415730337078653
524, 0.16606498194945848, 0.17222222222222222, 0.17415730337078653
525, 0.19133574007220217, 0.19444444444444445, 0.20224719101123595
526, 0.1407942238267148, 0.14444444444444443, 0.1348314606741573
527, 0.18592057761732853, 0.20555555555555555, 0.20224719101123595
528, 0.22202166064981949, 0.2111111111111111, 0.20786516853932585
529, 0.17509025270758122, 0.18888888888888888, 0.19662921348314608
530, 0.18231046931407943, 0.18888888888888888, 0.20224719101123595
531, 0.2509025270758123, 0.23333333333333334, 0.23595505617977527
532, 0.16425992779783394, 0.16666666666666666, 0.15730337078651685
533, 0.1967509025270758, 0.2111111111111111, 0.20786516853932585
534, 0.19133574007220217, 0.20555555555555555, 0.20224719101123595
535, 0.17870036101083034, 0.18333333333333332, 0.1853932584269663
536, 0.17328519855595667, 0.17222222222222222, 0.17415730337078653
537, 0.2292418772563177, 0.21666666666666667, 0.21910112359550563
538, 0.20397111913357402, 0.20555555555555555, 0.20786516853932585
539, 0.18953068592057762, 0.2111111111111111, 0.20786516853932585
540, 0.22743682310469315, 0.2222222222222222, 0.2303370786516854
541, 0.1967509025270758, 0.20555555555555555, 0.20224719101123595
542, 0.16967509025270758, 0.17222222222222222, 0.16853932584269662
543, 0.17148014440433212, 0.17222222222222222, 0.1797752808988764
544, 0.18050541516245489, 0.18333333333333332, 0.19662921348314608
545, 0.1588447653429603, 0.16666666666666666, 0.15730337078651685
546, 0.16064981949458484, 0.16666666666666666, 0.15730337078651685
547, 0.20938628158844766, 0.2222222222222222, 0.20786516853932585
548, 0.19133574007220217, 0.19444444444444445, 0.19662921348314608
549, 0.17328519855595667, 0.18333333333333332, 0.19101123595505617
550, 0.17870036101083034, 0.18333333333333332, 0.20224719101123595
551, 0.20577617328519857, 0.2111111111111111, 0.20224719101123595
552, 0.19494584837545126, 0.20555555555555555, 0.20786516853932585
553, 0.23465703971119134, 0.22777777777777777, 0.24157303370786518
554, 0.23104693140794225, 0.22777777777777777, 0.20786516853932585
555, 0.20216606498194944, 0.2111111111111111, 0.20786516853932585
556, 0.17328519855595667, 0.18333333333333332, 0.19101123595505617
557, 0.18772563176895307, 0.2, 0.20786516853932585
558, 0.2509025270758123, 0.2222222222222222, 0.23595505617977527
559, 0.22382671480144403, 0.2222222222222222, 0.21348314606741572
560, 0.18411552346570398, 0.19444444444444445, 0.19662921348314608
561, 0.20216606498194944, 0.2, 0.20224719101123595
562, 0.19855595667870035, 0.20555555555555555, 0.19662921348314608
563, 0.15162454873646208, 0.15555555555555556, 0.15730337078651685
564, 0.22202166064981949, 0.2222222222222222, 0.21348314606741572
565, 0.20216606498194944, 0.2111111111111111, 0.20786516853932585
566, 0.2328519855595668, 0.2222222222222222, 0.21348314606741572
567, 0.2581227436823105, 0.22777777777777777, 0.25280898876404495
568, 0.20216606498194944, 0.2111111111111111, 0.20224719101123595
569, 0.1967509025270758, 0.2, 0.19662921348314608
570, 0.2563176895306859, 0.23333333333333334, 0.25280898876404495
571, 0.20397111913357402, 0.18888888888888888, 0.20224719101123595
572, 0.18772563176895307, 0.18888888888888888, 0.19662921348314608
573, 0.21660649819494585, 0.2222222222222222, 0.21348314606741572
574, 0.259927797833935, 0.2222222222222222, 0.24157303370786518
575, 0.259927797833935, 0.2222222222222222, 0.23595505617977527
576, 0.26534296028880866, 0.22777777777777777, 0.25280898876404495
577, 0.22202166064981949, 0.2222222222222222, 0.21348314606741572
578, 0.22382671480144403, 0.21666666666666667, 0.20786516853932585
579, 0.19855595667870035, 0.2111111111111111, 0.20786516853932585
580, 0.20397111913357402, 0.2111111111111111, 0.20786516853932585
581, 0.22202166064981949, 0.21666666666666667, 0.21910112359550563
582, 0.2364620938628159, 0.22777777777777777, 0.21348314606741572
583, 0.2490974729241877, 0.23333333333333334, 0.24719101123595505
584, 0.27617328519855594, 0.2388888888888889, 0.2640449438202247
585, 0.26895306859205775, 0.23333333333333334, 0.25842696629213485
586, 0.16064981949458484, 0.16666666666666666, 0.15730337078651685
587, 0.2148014440433213, 0.20555555555555555, 0.20786516853932585
588, 0.22563176895306858, 0.2222222222222222, 0.20786516853932585
589, 0.2364620938628159, 0.2222222222222222, 0.2247191011235955
590, 0.2509025270758123, 0.23333333333333334, 0.21910112359550563
591, 0.2545126353790614, 0.22777777777777777, 0.23595505617977527
592, 0.2779783393501805, 0.23333333333333334, 0.24719101123595505
593, 0.2779783393501805, 0.2388888888888889, 0.2696629213483146
594, 0.26714801444043323, 0.2388888888888889, 0.25280898876404495
595, 0.21660649819494585, 0.2222222222222222, 0.21348314606741572
596, 0.23826714801444043, 0.22777777777777777, 0.2247191011235955
597, 0.2527075812274368, 0.23333333333333334, 0.23595505617977527
598, 0.24187725631768953, 0.2222222222222222, 0.23595505617977527
599, 0.23465703971119134, 0.22777777777777777, 0.21910112359550563
600, 0.2527075812274368, 0.23333333333333334, 0.24157303370786518
601, 0.22202166064981949, 0.2111111111111111, 0.20224719101123595
602, 0.20397111913357402, 0.2111111111111111, 0.20224719101123595
603, 0.2563176895306859, 0.2222222222222222, 0.24719101123595505
604, 0.24368231046931407, 0.2388888888888889, 0.2303370786516854
605, 0.2075812274368231, 0.2111111111111111, 0.21348314606741572
606, 0.22743682310469315, 0.22777777777777777, 0.21910112359550563
607, 0.24548736462093862, 0.23333333333333334, 0.2303370786516854
608, 0.2364620938628159, 0.22777777777777777, 0.2247191011235955
609, 0.22743682310469315, 0.21666666666666667, 0.21910112359550563
610, 0.23465703971119134, 0.22777777777777777, 0.2247191011235955
611, 0.2870036101083033, 0.2388888888888889, 0.2808988764044944
612, 0.22021660649819494, 0.21666666666666667, 0.21910112359550563
613, 0.2545126353790614, 0.23333333333333334, 0.24157303370786518
614, 0.23465703971119134, 0.22777777777777777, 0.21910112359550563
615, 0.23465703971119134, 0.21666666666666667, 0.21910112359550563
616, 0.2924187725631769, 0.29444444444444445, 0.2808988764044944
617, 0.2328519855595668, 0.22777777777777777, 0.21910112359550563
618, 0.26895306859205775, 0.25, 0.24719101123595505
619, 0.27617328519855594, 0.25, 0.25842696629213485
620, 0.27075812274368233, 0.23333333333333334, 0.2696629213483146
621, 0.33212996389891697, 0.34444444444444444, 0.3202247191011236
622, 0.26534296028880866, 0.24444444444444444, 0.23595505617977527
623, 0.24187725631768953, 0.22777777777777777, 0.21910112359550563
624, 0.2545126353790614, 0.26666666666666666, 0.24719101123595505
625, 0.2743682310469314, 0.24444444444444444, 0.24719101123595505
626, 0.27256317689530685, 0.24444444444444444, 0.25280898876404495
627, 0.30144404332129965, 0.3, 0.2808988764044944
628, 0.26895306859205775, 0.2388888888888889, 0.25280898876404495
629, 0.23826714801444043, 0.23333333333333334, 0.2247191011235955
630, 0.2563176895306859, 0.23333333333333334, 0.24157303370786518
631, 0.26714801444043323, 0.2388888888888889, 0.24157303370786518
632, 0.2779783393501805, 0.25, 0.25280898876404495
633, 0.30866425992779783, 0.31666666666666665, 0.28651685393258425
634, 0.30324909747292417, 0.25555555555555554, 0.2696629213483146
635, 0.30866425992779783, 0.2722222222222222, 0.30337078651685395
636, 0.315884476534296, 0.26666666666666666, 0.28651685393258425
637, 0.2924187725631769, 0.25555555555555554, 0.28651685393258425
638, 0.27617328519855594, 0.24444444444444444, 0.25842696629213485
639, 0.24368231046931407, 0.23333333333333334, 0.2303370786516854
640, 0.33393501805054154, 0.3111111111111111, 0.29775280898876405
641, 0.19855595667870035, 0.18888888888888888, 0.17415730337078653
642, 0.2851985559566787, 0.25, 0.24719101123595505
643, 0.2779783393501805, 0.24444444444444444, 0.2640449438202247
644, 0.2870036101083033, 0.25555555555555554, 0.2752808988764045
645, 0.2743682310469314, 0.26666666666666666, 0.24719101123595505
646, 0.27617328519855594, 0.2388888888888889, 0.23595505617977527
647, 0.30324909747292417, 0.2833333333333333, 0.2640449438202247
648, 0.2328519855595668, 0.22777777777777777, 0.2247191011235955
649, 0.2833935018050541, 0.25555555555555554, 0.25842696629213485
650, 0.3194945848375451, 0.3111111111111111, 0.2808988764044944
651, 0.3176895306859206, 0.25555555555555554, 0.30337078651685395
652, 0.2888086642599278, 0.25555555555555554, 0.2696629213483146
653, 0.3176895306859206, 0.3111111111111111, 0.29213483146067415
654, 0.3194945848375451, 0.2722222222222222, 0.29775280898876405
655, 0.37364620938628157, 0.3611111111111111, 0.3539325842696629
656, 0.3303249097472924, 0.31666666666666665, 0.3089887640449438
657, 0.33393501805054154, 0.3277777777777778, 0.3146067415730337
658, 0.33935018050541516, 0.3, 0.3089887640449438
659, 0.34657039711191334, 0.3, 0.3258426966292135
660, 0.3194945848375451, 0.2722222222222222, 0.29775280898876405
661, 0.3104693140794224, 0.26666666666666666, 0.29213483146067415
662, 0.35379061371841153, 0.31666666666666665, 0.34269662921348315
663, 0.34296028880866425, 0.3333333333333333, 0.3258426966292135
664, 0.27978339350180503, 0.25, 0.25280898876404495
665, 0.3249097472924188, 0.3055555555555556, 0.29213483146067415
666, 0.2581227436823105, 0.23333333333333334, 0.23595505617977527
667, 0.30324909747292417, 0.2611111111111111, 0.2808988764044944
668, 0.2924187725631769, 0.25, 0.3146067415730337
669, 0.30505415162454874, 0.3, 0.2752808988764045
670, 0.2563176895306859, 0.2388888888888889, 0.24157303370786518
671, 0.30685920577617326, 0.2722222222222222, 0.2752808988764045
672, 0.33574007220216606, 0.28888888888888886, 0.28651685393258425
673, 0.3592057761732852, 0.3055555555555556, 0.33707865168539325
674, 0.37364620938628157, 0.37777777777777777, 0.3595505617977528
675, 0.315884476534296, 0.3111111111111111, 0.30337078651685395
676, 0.29783393501805056, 0.26666666666666666, 0.2752808988764045
677, 0.296028880866426, 0.2611111111111111, 0.2808988764044944
678, 0.33754512635379064, 0.35, 0.3202247191011236
679, 0.30505415162454874, 0.2611111111111111, 0.28651685393258425
680, 0.3176895306859206, 0.29444444444444445, 0.29213483146067415
681, 0.33212996389891697, 0.3333333333333333, 0.3146067415730337
682, 0.3140794223826715, 0.3111111111111111, 0.2808988764044944
683, 0.3212996389891697, 0.28888888888888886, 0.2808988764044944
684, 0.3176895306859206, 0.3, 0.29775280898876405
685, 0.2924187725631769, 0.25, 0.2752808988764045
686, 0.3231046931407942, 0.3277777777777778, 0.29775280898876405
687, 0.3194945848375451, 0.2833333333333333, 0.29775280898876405
688, 0.315884476534296, 0.31666666666666665, 0.28651685393258425
689, 0.30505415162454874, 0.2777777777777778, 0.2752808988764045
690, 0.40252707581227437, 0.4111111111111111, 0.38202247191011235
691, 0.35379061371841153, 0.31666666666666665, 0.3202247191011236
692, 0.315884476534296, 0.29444444444444445, 0.2808988764044944
693, 0.30866425992779783, 0.2611111111111111, 0.28651685393258425
694, 0.3212996389891697, 0.32222222222222224, 0.30337078651685395
695, 0.3194945848375451, 0.31666666666666665, 0.29775280898876405
696, 0.30685920577617326, 0.2777777777777778, 0.2752808988764045
697, 0.33212996389891697, 0.3388888888888889, 0.30337078651685395
698, 0.3628158844765343, 0.35555555555555557, 0.3202247191011236
699, 0.3231046931407942, 0.31666666666666665, 0.29775280898876405
700, 0.33393501805054154, 0.31666666666666665, 0.30337078651685395
701, 0.3231046931407942, 0.3111111111111111, 0.29213483146067415
702, 0.3664259927797834, 0.35, 0.3202247191011236
703, 0.3285198555956679, 0.2722222222222222, 0.3089887640449438
704, 0.34296028880866425, 0.3055555555555556, 0.3202247191011236
705, 0.3194945848375451, 0.32222222222222224, 0.28651685393258425
706, 0.3971119133574007, 0.3888888888888889, 0.38202247191011235
707, 0.36101083032490977, 0.34444444444444444, 0.3258426966292135
708, 0.3285198555956679, 0.2777777777777778, 0.3089887640449438
709, 0.42418772563176893, 0.3888888888888889, 0.42134831460674155
710, 0.41155234657039713, 0.36666666666666664, 0.398876404494382
711, 0.34296028880866425, 0.29444444444444445, 0.3202247191011236
712, 0.33935018050541516, 0.3055555555555556, 0.3089887640449438
713, 0.4332129963898917, 0.4111111111111111, 0.4157303370786517
714, 0.36462093862815886, 0.34444444444444444, 0.3202247191011236
715, 0.35018050541516244, 0.3388888888888889, 0.3089887640449438
716, 0.3916967509025271, 0.35555555555555557, 0.3707865168539326
717, 0.3862815884476534, 0.35555555555555557, 0.3539325842696629
718, 0.41155234657039713, 0.3888888888888889, 0.398876404494382
719, 0.34115523465703973, 0.2777777777777778, 0.34831460674157305
720, 0.35018050541516244, 0.3, 0.30337078651685395
721, 0.34657039711191334, 0.3388888888888889, 0.3146067415730337
722, 0.35379061371841153, 0.3, 0.34831460674157305
723, 0.35018050541516244, 0.3277777777777778, 0.3089887640449438
724, 0.36462093862815886, 0.3611111111111111, 0.3539325842696629
725, 0.3916967509025271, 0.36666666666666664, 0.3539325842696629
726, 0.388086642599278, 0.36666666666666664, 0.34269662921348315
727, 0.4043321299638989, 0.37222222222222223, 0.3707865168539326
728, 0.33393501805054154, 0.28888888888888886, 0.30337078651685395
729, 0.36462093862815886, 0.32222222222222224, 0.34269662921348315
730, 0.36101083032490977, 0.3055555555555556, 0.33146067415730335
731, 0.41155234657039713, 0.4166666666666667, 0.4044943820224719
732, 0.40794223826714804, 0.39444444444444443, 0.3707865168539326
733, 0.33754512635379064, 0.28888888888888886, 0.33146067415730335
734, 0.37364620938628157, 0.35555555555555557, 0.34269662921348315
735, 0.3249097472924188, 0.2833333333333333, 0.30337078651685395
736, 0.37906137184115524, 0.3388888888888889, 0.38202247191011235
737, 0.3989169675090253, 0.3888888888888889, 0.38202247191011235
738, 0.3664259927797834, 0.34444444444444444, 0.33707865168539325
739, 0.38086642599277976, 0.37222222222222223, 0.3595505617977528
740, 0.38086642599277976, 0.35555555555555557, 0.34269662921348315
741, 0.37184115523465705, 0.37777777777777777, 0.3539325842696629
742, 0.4043321299638989, 0.39444444444444443, 0.38202247191011235
743, 0.36823104693140796, 0.3388888888888889, 0.33707865168539325
744, 0.4187725631768953, 0.39444444444444443, 0.4101123595505618
745, 0.4043321299638989, 0.3888888888888889, 0.3651685393258427
746, 0.37545126353790614, 0.3611111111111111, 0.33707865168539325
747, 0.388086642599278, 0.38333333333333336, 0.3651685393258427
748, 0.38267148014440433, 0.3611111111111111, 0.3539325842696629
749, 0.36823104693140796, 0.35555555555555557, 0.3258426966292135
750, 0.3664259927797834, 0.35555555555555557, 0.33707865168539325
751, 0.4566787003610108, 0.45, 0.4438202247191011
752, 0.388086642599278, 0.35555555555555557, 0.3651685393258427
753, 0.37184115523465705, 0.34444444444444444, 0.34831460674157305
754, 0.3555956678700361, 0.35, 0.33146067415730335
755, 0.36101083032490977, 0.34444444444444444, 0.33146067415730335
756, 0.43501805054151627, 0.4111111111111111, 0.42134831460674155
757, 0.37545126353790614, 0.35, 0.3539325842696629
758, 0.4729241877256318, 0.4388888888888889, 0.4550561797752809
759, 0.3971119133574007, 0.38333333333333336, 0.3707865168539326
760, 0.42057761732851984, 0.39444444444444443, 0.38764044943820225
761, 0.36823104693140796, 0.35555555555555557, 0.33707865168539325
762, 0.3592057761732852, 0.3277777777777778, 0.3202247191011236
763, 0.4368231046931408, 0.40555555555555556, 0.4157303370786517
764, 0.3953068592057762, 0.38333333333333336, 0.3595505617977528
765, 0.4711191335740072, 0.43333333333333335, 0.4550561797752809
766, 0.41155234657039713, 0.37777777777777777, 0.38764044943820225
767, 0.37725631768953066, 0.3611111111111111, 0.3539325842696629
768, 0.4314079422382672, 0.4, 0.4044943820224719
769, 0.43501805054151627, 0.4, 0.4101123595505618
770, 0.4223826714801444, 0.3888888888888889, 0.398876404494382
771, 0.37725631768953066, 0.35, 0.37640449438202245
772, 0.38086642599277976, 0.3611111111111111, 0.3539325842696629
773, 0.40252707581227437, 0.3888888888888889, 0.3707865168539326
774, 0.43501805054151627, 0.42777777777777776, 0.4044943820224719
775, 0.4566787003610108, 0.4166666666666667, 0.449438202247191
776, 0.40794223826714804, 0.37777777777777777, 0.38202247191011235
777, 0.44223826714801445, 0.4111111111111111, 0.42696629213483145
778, 0.4043321299638989, 0.37222222222222223, 0.38202247191011235
779, 0.4332129963898917, 0.4166666666666667, 0.43820224719101125
780, 0.45126353790613716, 0.4111111111111111, 0.43258426966292135
781, 0.48194945848375453, 0.46111111111111114, 0.4550561797752809
782, 0.44765342960288806, 0.43333333333333335, 0.4438202247191011
783, 0.40613718411552346, 0.36666666666666664, 0.38202247191011235
784, 0.4548736462093863, 0.4166666666666667, 0.43820224719101125
785, 0.4151624548736462, 0.37222222222222223, 0.38764044943820225
786, 0.4584837545126354, 0.4166666666666667, 0.4438202247191011
787, 0.4729241877256318, 0.45, 0.47191011235955055
788, 0.41335740072202165, 0.37777777777777777, 0.398876404494382
789, 0.45126353790613716, 0.4111111111111111, 0.42696629213483145
790, 0.3862815884476534, 0.3611111111111111, 0.3595505617977528
791, 0.41335740072202165, 0.39444444444444443, 0.38764044943820225
792, 0.45126353790613716, 0.3888888888888889, 0.4101123595505618
793, 0.44223826714801445, 0.4166666666666667, 0.4157303370786517
794, 0.4548736462093863, 0.42777777777777776, 0.4438202247191011
795, 0.4151624548736462, 0.37222222222222223, 0.39325842696629215
796, 0.4675090252707581, 0.43333333333333335, 0.4438202247191011
797, 0.44584837545126355, 0.39444444444444443, 0.42134831460674155
798, 0.45306859205776173, 0.4222222222222222, 0.4438202247191011
799, 0.4855595667870036, 0.42777777777777776, 0.46629213483146065
800, 0.4855595667870036, 0.4388888888888889, 0.48314606741573035
801, 0.4007220216606498, 0.38333333333333336, 0.38202247191011235
802, 0.4657039711191336, 0.43333333333333335, 0.449438202247191
803, 0.44223826714801445, 0.40555555555555556, 0.42696629213483145
804, 0.35379061371841153, 0.34444444444444444, 0.33707865168539325
805, 0.41335740072202165, 0.37777777777777777, 0.4101123595505618
806, 0.41155234657039713, 0.38333333333333336, 0.398876404494382
807, 0.47653429602888087, 0.4388888888888889, 0.47752808988764045
808, 0.4675090252707581, 0.4222222222222222, 0.4606741573033708
809, 0.463898916967509, 0.4166666666666667, 0.46629213483146065
810, 0.47653429602888087, 0.45555555555555555, 0.46629213483146065
811, 0.4314079422382672, 0.4, 0.398876404494382
812, 0.41155234657039713, 0.39444444444444443, 0.39325842696629215
813, 0.44223826714801445, 0.4222222222222222, 0.42696629213483145
814, 0.40252707581227437, 0.3611111111111111, 0.38764044943820225
815, 0.44945848375451264, 0.4222222222222222, 0.43258426966292135
816, 0.4314079422382672, 0.4, 0.398876404494382
817, 0.4296028880866426, 0.4, 0.4044943820224719
818, 0.44584837545126355, 0.4166666666666667, 0.42134831460674155
819, 0.4657039711191336, 0.42777777777777776, 0.43258426966292135
820, 0.4693140794223827, 0.4444444444444444, 0.4550561797752809
821, 0.48736462093862815, 0.4444444444444444, 0.47191011235955055
822, 0.4584837545126354, 0.42777777777777776, 0.4438202247191011
823, 0.4711191335740072, 0.4222222222222222, 0.46629213483146065
824, 0.49097472924187724, 0.46111111111111114, 0.5056179775280899
825, 0.44223826714801445, 0.40555555555555556, 0.43258426966292135
826, 0.44404332129963897, 0.4, 0.42696629213483145
827, 0.49097472924187724, 0.45, 0.4943820224719101
828, 0.40974729241877256, 0.37777777777777777, 0.38764044943820225
829, 0.48375451263537905, 0.46111111111111114, 0.47752808988764045
830, 0.4891696750902527, 0.4444444444444444, 0.47752808988764045
831, 0.44945848375451264, 0.4111111111111111, 0.42134831460674155
832, 0.43862815884476536, 0.4, 0.4101123595505618
833, 0.4602888086642599, 0.4444444444444444, 0.449438202247191
834, 0.4584837545126354, 0.3888888888888889, 0.4157303370786517
835, 0.4927797833935018, 0.45, 0.4943820224719101
836, 0.4675090252707581, 0.40555555555555556, 0.449438202247191
837, 0.4711191335740072, 0.46111111111111114, 0.4606741573033708
838, 0.4711191335740072, 0.4444444444444444, 0.449438202247191
839, 0.4729241877256318, 0.43333333333333335, 0.46629213483146065
840, 0.45306859205776173, 0.39444444444444443, 0.43820224719101125
841, 0.4657039711191336, 0.4444444444444444, 0.4550561797752809
842, 0.4729241877256318, 0.4666666666666667, 0.47752808988764045
843, 0.5054151624548736, 0.4666666666666667, 0.5056179775280899
844, 0.47833935018050544, 0.42777777777777776, 0.46629213483146065
845, 0.4711191335740072, 0.42777777777777776, 0.449438202247191
846, 0.47833935018050544, 0.4388888888888889, 0.4606741573033708
847, 0.5090252707581228, 0.4722222222222222, 0.5280898876404494
848, 0.35379061371841153, 0.34444444444444444, 0.33707865168539325
849, 0.48194945848375453, 0.45555555555555555, 0.4943820224719101
850, 0.4657039711191336, 0.45, 0.4606741573033708
851, 0.49458483754512633, 0.4666666666666667, 0.5
852, 0.4584837545126354, 0.4222222222222222, 0.42696629213483145
853, 0.4693140794223827, 0.43333333333333335, 0.46629213483146065
854, 0.5018050541516246, 0.46111111111111114, 0.5112359550561798
855, 0.4602888086642599, 0.4166666666666667, 0.43820224719101125
856, 0.47653429602888087, 0.4222222222222222, 0.47191011235955055
857, 0.516245487364621, 0.5, 0.5168539325842697
858, 0.4314079422382672, 0.38333333333333336, 0.398876404494382
859, 0.5072202166064982, 0.4722222222222222, 0.5224719101123596
860, 0.51985559566787, 0.4888888888888889, 0.5168539325842697
861, 0.43862815884476536, 0.4166666666666667, 0.4044943820224719
862, 0.49097472924187724, 0.4722222222222222, 0.5056179775280899
863, 0.48375451263537905, 0.4388888888888889, 0.47752808988764045
864, 0.5054151624548736, 0.4777777777777778, 0.5112359550561798
865, 0.4963898916967509, 0.4722222222222222, 0.5112359550561798
866, 0.41335740072202165, 0.3888888888888889, 0.4044943820224719
867, 0.4711191335740072, 0.4444444444444444, 0.4550561797752809
868, 0.4584837545126354, 0.4222222222222222, 0.43820224719101125
869, 0.4891696750902527, 0.4722222222222222, 0.4943820224719101
870, 0.4747292418772563, 0.43333333333333335, 0.46629213483146065
871, 0.4729241877256318, 0.4444444444444444, 0.449438202247191
872, 0.48375451263537905, 0.4444444444444444, 0.48314606741573035
873, 0.5108303249097473, 0.48333333333333334, 0.5
874, 0.4747292418772563, 0.4111111111111111, 0.4606741573033708
875, 0.5324909747292419, 0.5, 0.5280898876404494
876, 0.47653429602888087, 0.45, 0.46629213483146065
877, 0.4981949458483754, 0.48333333333333334, 0.5056179775280899
878, 0.5090252707581228, 0.4777777777777778, 0.5168539325842697
879, 0.5379061371841155, 0.5166666666666667, 0.550561797752809
880, 0.5180505415162455, 0.48333333333333334, 0.5224719101123596
881, 0.44945848375451264, 0.4, 0.43258426966292135
882, 0.5270758122743683, 0.5, 0.5280898876404494
883, 0.5018050541516246, 0.5, 0.5337078651685393
884, 0.5469314079422383, 0.5333333333333333, 0.5898876404494382
885, 0.5108303249097473, 0.48333333333333334, 0.5168539325842697
886, 0.5288808664259927, 0.5055555555555555, 0.5224719101123596
887, 0.516245487364621, 0.5055555555555555, 0.5280898876404494
888, 0.5216606498194946, 0.5222222222222223, 0.5337078651685393
889, 0.5180505415162455, 0.5055555555555555, 0.5224719101123596
890, 0.4927797833935018, 0.4666666666666667, 0.4943820224719101
891, 0.44584837545126355, 0.39444444444444443, 0.43820224719101125
892, 0.5288808664259927, 0.5, 0.5224719101123596
893, 0.5379061371841155, 0.5277777777777778, 0.550561797752809
894, 0.51985559566787, 0.5, 0.5280898876404494
895, 0.5216606498194946, 0.48333333333333334, 0.5112359550561798
896, 0.5180505415162455, 0.5, 0.5280898876404494
897, 0.44945848375451264, 0.40555555555555556, 0.42134831460674155
898, 0.5, 0.4777777777777778, 0.47752808988764045
899, 0.5415162454873647, 0.5166666666666667, 0.5280898876404494
900, 0.48375451263537905, 0.45555555555555555, 0.48314606741573035
901, 0.5, 0.45, 0.4887640449438202
902, 0.4602888086642599, 0.4388888888888889, 0.48314606741573035
903, 0.49097472924187724, 0.45555555555555555, 0.5056179775280899
904, 0.5180505415162455, 0.5111111111111111, 0.5337078651685393
905, 0.4711191335740072, 0.43333333333333335, 0.4550561797752809
906, 0.5379061371841155, 0.5166666666666667, 0.5393258426966292
907, 0.5324909747292419, 0.5166666666666667, 0.5337078651685393
908, 0.4927797833935018, 0.45, 0.5112359550561798
909, 0.5054151624548736, 0.5, 0.5056179775280899
910, 0.516245487364621, 0.5055555555555555, 0.5280898876404494
911, 0.49097472924187724, 0.4722222222222222, 0.48314606741573035
912, 0.49458483754512633, 0.4666666666666667, 0.5056179775280899
913, 0.4963898916967509, 0.49444444444444446, 0.5
914, 0.49458483754512633, 0.46111111111111114, 0.48314606741573035
915, 0.5252707581227437, 0.5, 0.5280898876404494
916, 0.5018050541516246, 0.4777777777777778, 0.5112359550561798
917, 0.5306859205776173, 0.49444444444444446, 0.5280898876404494
918, 0.5108303249097473, 0.4777777777777778, 0.5168539325842697
919, 0.51985559566787, 0.5111111111111111, 0.5224719101123596
920, 0.5361010830324909, 0.49444444444444446, 0.5393258426966292
921, 0.5415162454873647, 0.5277777777777778, 0.5561797752808989
922, 0.5342960288808665, 0.5166666666666667, 0.550561797752809
923, 0.5433212996389891, 0.5333333333333333, 0.550561797752809
924, 0.5270758122743683, 0.5111111111111111, 0.5224719101123596
925, 0.5018050541516246, 0.48333333333333334, 0.5112359550561798
926, 0.47653429602888087, 0.4444444444444444, 0.46629213483146065
927, 0.4747292418772563, 0.45, 0.449438202247191
928, 0.5144404332129964, 0.4888888888888889, 0.5056179775280899
929, 0.47833935018050544, 0.4388888888888889, 0.5
930, 0.47833935018050544, 0.46111111111111114, 0.4943820224719101
931, 0.5054151624548736, 0.4777777777777778, 0.5
932, 0.5072202166064982, 0.48333333333333334, 0.5168539325842697
933, 0.5054151624548736, 0.48333333333333334, 0.4887640449438202
934, 0.4891696750902527, 0.4388888888888889, 0.4943820224719101
935, 0.516245487364621, 0.4888888888888889, 0.5056179775280899
936, 0.5342960288808665, 0.5222222222222223, 0.5449438202247191
937, 0.5505415162454874, 0.5333333333333333, 0.5561797752808989
938, 0.48736462093862815, 0.4444444444444444, 0.48314606741573035
939, 0.5361010830324909, 0.5111111111111111, 0.5337078651685393
940, 0.5018050541516246, 0.4722222222222222, 0.5168539325842697
941, 0.48194945848375453, 0.4444444444444444, 0.4887640449438202
942, 0.48736462093862815, 0.45555555555555555, 0.4943820224719101
943, 0.5469314079422383, 0.5222222222222223, 0.5617977528089888
944, 0.5523465703971119, 0.5166666666666667, 0.5617977528089888
945, 0.5740072202166066, 0.55, 0.6067415730337079
946, 0.51985559566787, 0.48333333333333334, 0.5224719101123596
947, 0.5361010830324909, 0.5277777777777778, 0.5449438202247191
948, 0.516245487364621, 0.5055555555555555, 0.5168539325842697
949, 0.5342960288808665, 0.4888888888888889, 0.5168539325842697
950, 0.5397111913357401, 0.5222222222222223, 0.550561797752809
951, 0.5451263537906137, 0.5222222222222223, 0.5561797752808989
952, 0.5487364620938628, 0.5333333333333333, 0.5449438202247191
953, 0.5180505415162455, 0.5111111111111111, 0.5280898876404494
954, 0.5288808664259927, 0.5111111111111111, 0.5393258426966292
955, 0.5252707581227437, 0.5111111111111111, 0.5280898876404494
956, 0.5108303249097473, 0.49444444444444446, 0.5224719101123596
957, 0.5324909747292419, 0.5111111111111111, 0.5393258426966292
958, 0.5685920577617328, 0.5388888888888889, 0.5955056179775281
959, 0.5415162454873647, 0.5111111111111111, 0.5449438202247191
960, 0.5072202166064982, 0.49444444444444446, 0.4943820224719101
961, 0.5234657039711191, 0.5111111111111111, 0.5337078651685393
962, 0.5613718411552346, 0.5444444444444444, 0.5786516853932584
963, 0.5126353790613718, 0.48333333333333334, 0.5056179775280899
964, 0.5469314079422383, 0.5333333333333333, 0.5561797752808989
965, 0.5541516245487365, 0.5388888888888889, 0.5674157303370787
966, 0.5415162454873647, 0.5166666666666667, 0.5393258426966292
967, 0.5234657039711191, 0.5166666666666667, 0.5280898876404494
968, 0.5072202166064982, 0.4888888888888889, 0.5224719101123596
969, 0.5433212996389891, 0.5222222222222223, 0.5561797752808989
970, 0.5252707581227437, 0.5111111111111111, 0.5280898876404494
971, 0.5397111913357401, 0.5166666666666667, 0.5617977528089888
972, 0.5685920577617328, 0.5444444444444444, 0.5898876404494382
973, 0.5361010830324909, 0.5222222222222223, 0.5393258426966292
974, 0.5397111913357401, 0.5166666666666667, 0.5561797752808989
975, 0.575812274368231, 0.5444444444444444, 0.5955056179775281
976, 0.5776173285198556, 0.55, 0.6067415730337079
977, 0.5595667870036101, 0.5333333333333333, 0.5730337078651685
978, 0.5595667870036101, 0.5333333333333333, 0.5842696629213483
979, 0.5036101083032491, 0.4722222222222222, 0.5168539325842697
980, 0.5595667870036101, 0.5333333333333333, 0.5617977528089888
981, 0.5469314079422383, 0.5222222222222223, 0.5337078651685393
982, 0.5541516245487365, 0.5222222222222223, 0.5617977528089888
983, 0.5270758122743683, 0.5055555555555555, 0.5168539325842697
984, 0.5667870036101083, 0.5277777777777778, 0.5898876404494382
985, 0.5234657039711191, 0.5166666666666667, 0.5280898876404494
986, 0.5306859205776173, 0.4888888888888889, 0.5393258426966292
987, 0.5505415162454874, 0.5333333333333333, 0.5674157303370787
988, 0.555956678700361, 0.5388888888888889, 0.5730337078651685
989, 0.5018050541516246, 0.48333333333333334, 0.5
990, 0.5469314079422383, 0.5222222222222223, 0.5337078651685393
991, 0.5595667870036101, 0.5388888888888889, 0.5730337078651685
992, 0.4963898916967509, 0.45, 0.5
993, 0.49458483754512633, 0.4444444444444444, 0.48314606741573035
994, 0.5433212996389891, 0.5222222222222223, 0.5449438202247191
995, 0.5812274368231047, 0.55, 0.601123595505618
996, 0.5505415162454874, 0.5388888888888889, 0.5561797752808989
997, 0.5379061371841155, 0.5222222222222223, 0.5617977528089888
998, 0.5523465703971119, 0.5388888888888889, 0.5786516853932584
999, 0.5794223826714802, 0.55, 0.6067415730337079
1000, 0.5487364620938628, 0.5388888888888889, 0.5674157303370787
1001, 0.5848375451263538, 0.5444444444444444, 0.5955056179775281
1002, 0.5649819494584838, 0.5444444444444444, 0.5730337078651685
1003, 0.5361010830324909, 0.5055555555555555, 0.550561797752809
1004, 0.5866425992779783, 0.55, 0.5955056179775281
1005, 0.5667870036101083, 0.5277777777777778, 0.5842696629213483
1006, 0.5072202166064982, 0.4888888888888889, 0.5
1007, 0.5956678700361011, 0.5611111111111111, 0.6292134831460674
1008, 0.5505415162454874, 0.5277777777777778, 0.5449438202247191
1009, 0.5740072202166066, 0.55, 0.5842696629213483
1010, 0.5397111913357401, 0.5388888888888889, 0.550561797752809
1011, 0.5505415162454874, 0.5277777777777778, 0.5337078651685393
1012, 0.5938628158844765, 0.55, 0.6067415730337079
1013, 0.5433212996389891, 0.5333333333333333, 0.5617977528089888
1014, 0.555956678700361, 0.5388888888888889, 0.5786516853932584
1015, 0.5740072202166066, 0.5444444444444444, 0.5786516853932584
1016, 0.5469314079422383, 0.5166666666666667, 0.5449438202247191
1017, 0.5541516245487365, 0.5277777777777778, 0.550561797752809
1018, 0.5451263537906137, 0.5055555555555555, 0.5449438202247191
1019, 0.5685920577617328, 0.5444444444444444, 0.5842696629213483
1020, 0.5938628158844765, 0.5722222222222222, 0.6179775280898876
1021, 0.6083032490974729, 0.5833333333333334, 0.6123595505617978
1022, 0.5830324909747292, 0.5555555555555556, 0.6067415730337079
1023, 0.5902527075812274, 0.55, 0.6123595505617978
1024, 0.5740072202166066, 0.5388888888888889, 0.5955056179775281
1025, 0.6010830324909747, 0.5611111111111111, 0.601123595505618
1026, 0.5776173285198556, 0.55, 0.5786516853932584
1027, 0.5541516245487365, 0.5277777777777778, 0.5449438202247191
1028, 0.5541516245487365, 0.5277777777777778, 0.5730337078651685
1029, 0.592057761732852, 0.5555555555555556, 0.6292134831460674
1030, 0.5992779783393501, 0.5777777777777777, 0.6179775280898876
1031, 0.5902527075812274, 0.5611111111111111, 0.6235955056179775
1032, 0.5830324909747292, 0.5388888888888889, 0.5786516853932584
1033, 0.5776173285198556, 0.5444444444444444, 0.5898876404494382
1034, 0.5649819494584838, 0.5444444444444444, 0.5674157303370787
1035, 0.5469314079422383, 0.5333333333333333, 0.5674157303370787
1036, 0.5794223826714802, 0.55, 0.5730337078651685
1037, 0.5703971119133574, 0.5388888888888889, 0.5842696629213483
1038, 0.6137184115523465, 0.5888888888888889, 0.6348314606741573
1039, 0.5884476534296029, 0.5611111111111111, 0.6123595505617978
1040, 0.5812274368231047, 0.5444444444444444, 0.5898876404494382
1041, 0.5884476534296029, 0.5555555555555556, 0.601123595505618
1042, 0.5451263537906137, 0.5166666666666667, 0.5617977528089888
1043, 0.575812274368231, 0.55, 0.5786516853932584
1044, 0.6137184115523465, 0.5944444444444444, 0.6292134831460674
1045, 0.572202166064982, 0.5388888888888889, 0.5786516853932584
1046, 0.5992779783393501, 0.5666666666666667, 0.6348314606741573
1047, 0.5740072202166066, 0.5333333333333333, 0.5730337078651685
1048, 0.5451263537906137, 0.5055555555555555, 0.5393258426966292
1049, 0.5649819494584838, 0.5333333333333333, 0.5674157303370787
1050, 0.5667870036101083, 0.5222222222222223, 0.5786516853932584
1051, 0.5848375451263538, 0.55, 0.5842696629213483
1052, 0.5812274368231047, 0.55, 0.5955056179775281
1053, 0.6010830324909747, 0.5888888888888889, 0.6235955056179775
1054, 0.5108303249097473, 0.48333333333333334, 0.5337078651685393
1055, 0.6046931407942239, 0.5611111111111111, 0.601123595505618
1056, 0.5523465703971119, 0.5111111111111111, 0.5730337078651685
1057, 0.6046931407942239, 0.5722222222222222, 0.6067415730337079
1058, 0.5848375451263538, 0.5555555555555556, 0.5842696629213483
1059, 0.5830324909747292, 0.5611111111111111, 0.601123595505618
1060, 0.628158844765343, 0.6, 0.6348314606741573
1061, 0.6119133574007221, 0.5888888888888889, 0.6292134831460674
1062, 0.5866425992779783, 0.55, 0.5955056179775281
1063, 0.5884476534296029, 0.55, 0.601123595505618
1064, 0.5794223826714802, 0.55, 0.5842696629213483
1065, 0.5866425992779783, 0.55, 0.5955056179775281
1066, 0.6046931407942239, 0.5555555555555556, 0.5955056179775281
1067, 0.5812274368231047, 0.5388888888888889, 0.5730337078651685
1068, 0.5884476534296029, 0.5444444444444444, 0.5674157303370787
1069, 0.5812274368231047, 0.55, 0.5786516853932584
1070, 0.5974729241877257, 0.5611111111111111, 0.601123595505618
1071, 0.6227436823104693, 0.5833333333333334, 0.6404494382022472
1072, 0.5397111913357401, 0.5111111111111111, 0.5393258426966292
1073, 0.5523465703971119, 0.5222222222222223, 0.5337078651685393
1074, 0.516245487364621, 0.48333333333333334, 0.5337078651685393
1075, 0.5884476534296029, 0.5555555555555556, 0.6067415730337079
1076, 0.5974729241877257, 0.55, 0.5955056179775281
1077, 0.5613718411552346, 0.5333333333333333, 0.5674157303370787
1078, 0.6028880866425993, 0.5555555555555556, 0.6179775280898876
1079, 0.5812274368231047, 0.5444444444444444, 0.5786516853932584
1080, 0.5776173285198556, 0.55, 0.5786516853932584
1081, 0.5884476534296029, 0.5555555555555556, 0.5955056179775281
1082, 0.5848375451263538, 0.55, 0.5955056179775281
1083, 0.5902527075812274, 0.5555555555555556, 0.5955056179775281
1084, 0.5938628158844765, 0.55, 0.5955056179775281
1085, 0.5649819494584838, 0.5333333333333333, 0.5898876404494382
1086, 0.5902527075812274, 0.5611111111111111, 0.5955056179775281
1087, 0.5884476534296029, 0.5555555555555556, 0.601123595505618
1088, 0.5667870036101083, 0.5333333333333333, 0.5842696629213483
1089, 0.5703971119133574, 0.5444444444444444, 0.5842696629213483
1090, 0.5902527075812274, 0.5444444444444444, 0.601123595505618
1091, 0.6137184115523465, 0.5722222222222222, 0.6067415730337079
1092, 0.5848375451263538, 0.55, 0.5898876404494382
1093, 0.5541516245487365, 0.5388888888888889, 0.5730337078651685
1094, 0.5992779783393501, 0.5555555555555556, 0.6235955056179775
1095, 0.6010830324909747, 0.5666666666666667, 0.6292134831460674
1096, 0.5938628158844765, 0.5555555555555556, 0.601123595505618
1097, 0.6425992779783394, 0.6277777777777778, 0.6404494382022472
1098, 0.5902527075812274, 0.55, 0.5898876404494382
1099, 0.5956678700361011, 0.5555555555555556, 0.5898876404494382
1100, 0.5848375451263538, 0.5611111111111111, 0.5955056179775281
1101, 0.6173285198555957, 0.5833333333333334, 0.6292134831460674
1102, 0.6191335740072202, 0.5888888888888889, 0.6348314606741573
1103, 0.5956678700361011, 0.5555555555555556, 0.6235955056179775
1104, 0.5667870036101083, 0.5222222222222223, 0.550561797752809
1105, 0.6245487364620939, 0.5944444444444444, 0.6179775280898876
1106, 0.6101083032490975, 0.5833333333333334, 0.6235955056179775
1107, 0.6101083032490975, 0.5722222222222222, 0.6404494382022472
1108, 0.6173285198555957, 0.5944444444444444, 0.6179775280898876
1109, 0.6191335740072202, 0.5944444444444444, 0.6235955056179775
1110, 0.6209386281588448, 0.5944444444444444, 0.6292134831460674
1111, 0.5956678700361011, 0.5611111111111111, 0.5955056179775281
1112, 0.5884476534296029, 0.5555555555555556, 0.5730337078651685
1113, 0.6137184115523465, 0.5777777777777777, 0.6404494382022472
1114, 0.6209386281588448, 0.6, 0.6404494382022472
1115, 0.6371841155234657, 0.5944444444444444, 0.6348314606741573
1116, 0.5956678700361011, 0.5611111111111111, 0.5955056179775281
1117, 0.5848375451263538, 0.5555555555555556, 0.5842696629213483
1118, 0.5992779783393501, 0.5555555555555556, 0.6179775280898876
1119, 0.5848375451263538, 0.55, 0.5730337078651685
1120, 0.6245487364620939, 0.5888888888888889, 0.6235955056179775
1121, 0.6137184115523465, 0.5722222222222222, 0.6348314606741573
1122, 0.5631768953068592, 0.5277777777777778, 0.5674157303370787
1123, 0.6028880866425993, 0.5722222222222222, 0.6123595505617978
1124, 0.6119133574007221, 0.5833333333333334, 0.6067415730337079
1125, 0.6010830324909747, 0.5777777777777777, 0.6348314606741573
1126, 0.6173285198555957, 0.5722222222222222, 0.6179775280898876
1127, 0.6010830324909747, 0.5555555555555556, 0.5955056179775281
1128, 0.631768953068592, 0.6055555555555555, 0.6404494382022472
1129, 0.6064981949458483, 0.5611111111111111, 0.5955056179775281
1130, 0.572202166064982, 0.5388888888888889, 0.5730337078651685
1131, 0.5902527075812274, 0.55, 0.5898876404494382
1132, 0.5794223826714802, 0.55, 0.5561797752808989
1133, 0.6137184115523465, 0.5777777777777777, 0.6348314606741573
1134, 0.5974729241877257, 0.5555555555555556, 0.5898876404494382
1135, 0.5776173285198556, 0.5388888888888889, 0.5786516853932584
1136, 0.5830324909747292, 0.5555555555555556, 0.5955056179775281
1137, 0.5956678700361011, 0.5611111111111111, 0.5842696629213483
1138, 0.6064981949458483, 0.5777777777777777, 0.6179775280898876
1139, 0.6173285198555957, 0.5888888888888889, 0.6235955056179775
1140, 0.5956678700361011, 0.5555555555555556, 0.601123595505618
1141, 0.6010830324909747, 0.55, 0.601123595505618
1142, 0.5703971119133574, 0.5277777777777778, 0.5730337078651685
1143, 0.575812274368231, 0.55, 0.5561797752808989
1144, 0.6155234657039711, 0.5888888888888889, 0.601123595505618
1145, 0.6155234657039711, 0.5833333333333334, 0.6292134831460674
1146, 0.6028880866425993, 0.5666666666666667, 0.6292134831460674
1147, 0.5812274368231047, 0.5388888888888889, 0.5674157303370787
1148, 0.6209386281588448, 0.6, 0.6404494382022472
1149, 0.6155234657039711, 0.5888888888888889, 0.6179775280898876
1150, 0.6227436823104693, 0.5888888888888889, 0.6348314606741573
1151, 0.6101083032490975, 0.5888888888888889, 0.6123595505617978
1152, 0.5992779783393501, 0.5722222222222222, 0.6067415730337079
1153, 0.5956678700361011, 0.5555555555555556, 0.5786516853932584
1154, 0.6245487364620939, 0.6, 0.6348314606741573
1155, 0.6299638989169675, 0.5833333333333334, 0.6348314606741573
1156, 0.6173285198555957, 0.5777777777777777, 0.6179775280898876
1157, 0.5902527075812274, 0.55, 0.5898876404494382
1158, 0.6083032490974729, 0.6, 0.6460674157303371
1159, 0.628158844765343, 0.5888888888888889, 0.6123595505617978
1160, 0.6083032490974729, 0.5722222222222222, 0.6235955056179775
1161, 0.5902527075812274, 0.5555555555555556, 0.5786516853932584
1162, 0.5902527075812274, 0.5611111111111111, 0.5786516853932584
1163, 0.6245487364620939, 0.5777777777777777, 0.6292134831460674
1164, 0.6173285198555957, 0.6, 0.6179775280898876
1165, 0.6299638989169675, 0.5944444444444444, 0.6460674157303371
1166, 0.5740072202166066, 0.5444444444444444, 0.5561797752808989
1167, 0.5938628158844765, 0.55, 0.5955056179775281
1168, 0.6155234657039711, 0.5888888888888889, 0.6404494382022472
1169, 0.6101083032490975, 0.5666666666666667, 0.601123595505618
1170, 0.6155234657039711, 0.5777777777777777, 0.6179775280898876
1171, 0.6227436823104693, 0.5888888888888889, 0.6292134831460674
1172, 0.6209386281588448, 0.6055555555555555, 0.6404494382022472
1173, 0.6263537906137184, 0.6, 0.6292134831460674
1174, 0.6191335740072202, 0.5944444444444444, 0.6404494382022472
1175, 0.6191335740072202, 0.5833333333333334, 0.6179775280898876
1176, 0.6137184115523465, 0.5888888888888889, 0.6235955056179775
1177, 0.5866425992779783, 0.5611111111111111, 0.5730337078651685
1178, 0.6245487364620939, 0.6111111111111112, 0.651685393258427
1179, 0.628158844765343, 0.5944444444444444, 0.6292134831460674
1180, 0.6155234657039711, 0.5777777777777777, 0.6123595505617978
1181, 0.6046931407942239, 0.5722222222222222, 0.5955056179775281
1182, 0.6119133574007221, 0.5888888888888889, 0.6348314606741573
1183, 0.631768953068592, 0.5944444444444444, 0.6292134831460674
1184, 0.6263537906137184, 0.6, 0.6404494382022472
1185, 0.6227436823104693, 0.5777777777777777, 0.6348314606741573
1186, 0.6209386281588448, 0.6111111111111112, 0.6235955056179775
1187, 0.6119133574007221, 0.5777777777777777, 0.6123595505617978
1188, 0.6498194945848376, 0.6166666666666667, 0.6460674157303371
1189, 0.6353790613718412, 0.5944444444444444, 0.6404494382022472
1190, 0.6353790613718412, 0.5944444444444444, 0.6404494382022472
1191, 0.6137184115523465, 0.5722222222222222, 0.6123595505617978
1192, 0.6119133574007221, 0.5722222222222222, 0.6292134831460674
1193, 0.631768953068592, 0.6055555555555555, 0.6460674157303371
1194, 0.6263537906137184, 0.5722222222222222, 0.6123595505617978
1195, 0.6263537906137184, 0.5888888888888889, 0.6348314606741573
1196, 0.6028880866425993, 0.5666666666666667, 0.6067415730337079
1197, 0.5956678700361011, 0.5555555555555556, 0.5674157303370787
1198, 0.6173285198555957, 0.5888888888888889, 0.6179775280898876
1199, 0.6137184115523465, 0.5777777777777777, 0.5955056179775281
1200, 0.5992779783393501, 0.5666666666666667, 0.601123595505618
1201, 0.6083032490974729, 0.5611111111111111, 0.6067415730337079
1202, 0.6191335740072202, 0.5722222222222222, 0.6179775280898876
1203, 0.6227436823104693, 0.5833333333333334, 0.6179775280898876
1204, 0.6083032490974729, 0.5611111111111111, 0.6123595505617978
1205, 0.628158844765343, 0.6, 0.6348314606741573
1206, 0.592057761732852, 0.5444444444444444, 0.5842696629213483
1207, 0.5938628158844765, 0.5555555555555556, 0.5786516853932584
1208, 0.6245487364620939, 0.5833333333333334, 0.6123595505617978
1209, 0.5992779783393501, 0.5555555555555556, 0.5955056179775281
1210, 0.6191335740072202, 0.5833333333333334, 0.6235955056179775
1211, 0.6209386281588448, 0.6166666666666667, 0.6404494382022472
1212, 0.5740072202166066, 0.5444444444444444, 0.5898876404494382
1213, 0.631768953068592, 0.5888888888888889, 0.6460674157303371
1214, 0.6137184115523465, 0.5833333333333334, 0.6067415730337079
1215, 0.6263537906137184, 0.6166666666666667, 0.6404494382022472
1216, 0.6299638989169675, 0.6, 0.6235955056179775
1217, 0.5974729241877257, 0.5555555555555556, 0.601123595505618
1218, 0.6046931407942239, 0.5722222222222222, 0.5898876404494382
1219, 0.628158844765343, 0.5888888888888889, 0.6348314606741573
1220, 0.5938628158844765, 0.5611111111111111, 0.5955056179775281
1221, 0.631768953068592, 0.5944444444444444, 0.6348314606741573
1222, 0.6227436823104693, 0.5888888888888889, 0.6179775280898876
1223, 0.6245487364620939, 0.5944444444444444, 0.6292134831460674
1224, 0.6119133574007221, 0.5777777777777777, 0.6179775280898876
1225, 0.5631768953068592, 0.5388888888888889, 0.5561797752808989
1226, 0.6191335740072202, 0.5833333333333334, 0.6292134831460674
1227, 0.6299638989169675, 0.5833333333333334, 0.6404494382022472
1228, 0.6137184115523465, 0.5833333333333334, 0.601123595505618
1229, 0.6263537906137184, 0.6, 0.6404494382022472
1230, 0.6083032490974729, 0.5666666666666667, 0.6067415730337079
1231, 0.6137184115523465, 0.6, 0.6123595505617978
1232, 0.6209386281588448, 0.5666666666666667, 0.6067415730337079
1233, 0.6046931407942239, 0.5666666666666667, 0.5955056179775281
1234, 0.6389891696750902, 0.6055555555555555, 0.6348314606741573
1235, 0.644404332129964, 0.6166666666666667, 0.651685393258427
1236, 0.631768953068592, 0.5888888888888889, 0.6404494382022472
1237, 0.6209386281588448, 0.5777777777777777, 0.6123595505617978
1238, 0.6028880866425993, 0.5777777777777777, 0.6123595505617978
1239, 0.6064981949458483, 0.5611111111111111, 0.601123595505618
1240, 0.6263537906137184, 0.5944444444444444, 0.6348314606741573
1241, 0.6335740072202166, 0.6055555555555555, 0.6235955056179775
1242, 0.6335740072202166, 0.5888888888888889, 0.6235955056179775
1243, 0.6425992779783394, 0.6166666666666667, 0.651685393258427
1244, 0.6516245487364621, 0.6166666666666667, 0.6404494382022472
1245, 0.6137184115523465, 0.5722222222222222, 0.6348314606741573
1246, 0.6191335740072202, 0.5833333333333334, 0.6123595505617978
1247, 0.631768953068592, 0.6, 0.6067415730337079
1248, 0.6137184115523465, 0.5888888888888889, 0.6235955056179775
1249, 0.6083032490974729, 0.5722222222222222, 0.5955056179775281
1250, 0.6335740072202166, 0.6055555555555555, 0.6348314606741573
1251, 0.6046931407942239, 0.5666666666666667, 0.601123595505618
1252, 0.6010830324909747, 0.5666666666666667, 0.6179775280898876
1253, 0.6119133574007221, 0.5833333333333334, 0.5955056179775281
1254, 0.628158844765343, 0.5944444444444444, 0.6348314606741573
1255, 0.631768953068592, 0.6166666666666667, 0.6404494382022472
1256, 0.6245487364620939, 0.6111111111111112, 0.6179775280898876
1257, 0.5992779783393501, 0.5555555555555556, 0.601123595505618
1258, 0.6462093862815884, 0.6222222222222222, 0.6460674157303371
1259, 0.6371841155234657, 0.6166666666666667, 0.6460674157303371
1260, 0.6101083032490975, 0.5777777777777777, 0.5955056179775281
1261, 0.6155234657039711, 0.5944444444444444, 0.6235955056179775
1262, 0.6389891696750902, 0.6055555555555555, 0.6123595505617978
1263, 0.6083032490974729, 0.5722222222222222, 0.6067415730337079
1264, 0.6119133574007221, 0.5666666666666667, 0.6067415730337079
1265, 0.631768953068592, 0.6, 0.6404494382022472
1266, 0.6335740072202166, 0.6, 0.6348314606741573
1267, 0.6263537906137184, 0.6, 0.6292134831460674
1268, 0.6137184115523465, 0.5944444444444444, 0.6179775280898876
1269, 0.6227436823104693, 0.5777777777777777, 0.6235955056179775
1270, 0.6353790613718412, 0.5944444444444444, 0.6348314606741573
1271, 0.6227436823104693, 0.5888888888888889, 0.6348314606741573
1272, 0.6407942238267148, 0.6166666666666667, 0.6460674157303371
1273, 0.6353790613718412, 0.5944444444444444, 0.6460674157303371
1274, 0.628158844765343, 0.6166666666666667, 0.6460674157303371
1275, 0.6534296028880866, 0.6388888888888888, 0.651685393258427
1276, 0.6425992779783394, 0.6166666666666667, 0.651685393258427
1277, 0.6227436823104693, 0.5833333333333334, 0.6067415730337079
1278, 0.6696750902527075, 0.6222222222222222, 0.6573033707865169
1279, 0.6335740072202166, 0.6055555555555555, 0.6460674157303371
1280, 0.6425992779783394, 0.6111111111111112, 0.6348314606741573
1281, 0.6353790613718412, 0.5944444444444444, 0.6348314606741573
1282, 0.6425992779783394, 0.6166666666666667, 0.651685393258427
1283, 0.6083032490974729, 0.5833333333333334, 0.601123595505618
1284, 0.6407942238267148, 0.6111111111111112, 0.6348314606741573
1285, 0.6462093862815884, 0.6166666666666667, 0.6404494382022472
1286, 0.6407942238267148, 0.5944444444444444, 0.6460674157303371
1287, 0.6064981949458483, 0.5611111111111111, 0.6123595505617978
1288, 0.6155234657039711, 0.5777777777777777, 0.6292134831460674
1289, 0.6389891696750902, 0.6, 0.651685393258427
1290, 0.6191335740072202, 0.5722222222222222, 0.601123595505618
1291, 0.648014440433213, 0.6222222222222222, 0.651685393258427
1292, 0.6371841155234657, 0.6166666666666667, 0.6292134831460674
1293, 0.6389891696750902, 0.5944444444444444, 0.6292134831460674
1294, 0.628158844765343, 0.6, 0.6404494382022472
1295, 0.6245487364620939, 0.5777777777777777, 0.6123595505617978
1296, 0.6299638989169675, 0.5833333333333334, 0.6292134831460674
1297, 0.6209386281588448, 0.5777777777777777, 0.6123595505617978
1298, 0.6462093862815884, 0.6, 0.6460674157303371
1299, 0.6462093862815884, 0.6166666666666667, 0.6292134831460674
1300, 0.6245487364620939, 0.5833333333333334, 0.6123595505617978
1301, 0.6750902527075813, 0.6555555555555556, 0.651685393258427
1302, 0.628158844765343, 0.6055555555555555, 0.6292134831460674
1303, 0.6191335740072202, 0.6055555555555555, 0.6292134831460674
1304, 0.6371841155234657, 0.5944444444444444, 0.6292134831460674
1305, 0.6389891696750902, 0.6166666666666667, 0.6348314606741573
1306, 0.644404332129964, 0.6111111111111112, 0.6404494382022472
1307, 0.6335740072202166, 0.5888888888888889, 0.6292134831460674
1308, 0.6101083032490975, 0.5777777777777777, 0.6179775280898876
1309, 0.6173285198555957, 0.5944444444444444, 0.6067415730337079
1310, 0.6353790613718412, 0.6111111111111112, 0.6292134831460674
1311, 0.6191335740072202, 0.5833333333333334, 0.6235955056179775
1312, 0.644404332129964, 0.6, 0.6348314606741573
1313, 0.6516245487364621, 0.6333333333333333, 0.651685393258427
1314, 0.6570397111913358, 0.6388888888888888, 0.6573033707865169
1315, 0.6425992779783394, 0.6111111111111112, 0.6460674157303371
1316, 0.6101083032490975, 0.5722222222222222, 0.6123595505617978
1317, 0.6227436823104693, 0.6111111111111112, 0.6235955056179775
1318, 0.628158844765343, 0.5833333333333334, 0.6292134831460674
1319, 0.6263537906137184, 0.5888888888888889, 0.6348314606741573
1320, 0.6389891696750902, 0.6055555555555555, 0.6404494382022472
1321, 0.6263537906137184, 0.5888888888888889, 0.6292134831460674
1322, 0.6263537906137184, 0.5888888888888889, 0.6292134831460674
1323, 0.6425992779783394, 0.5944444444444444, 0.6404494382022472
1324, 0.6570397111913358, 0.6166666666666667, 0.651685393258427
1325, 0.6353790613718412, 0.5833333333333334, 0.6348314606741573
1326, 0.648014440433213, 0.6222222222222222, 0.651685393258427
1327, 0.6389891696750902, 0.6166666666666667, 0.6404494382022472
1328, 0.6425992779783394, 0.6111111111111112, 0.6404494382022472
1329, 0.6227436823104693, 0.5777777777777777, 0.6179775280898876
1330, 0.6353790613718412, 0.5944444444444444, 0.6460674157303371
1331, 0.6263537906137184, 0.6, 0.6404494382022472
1332, 0.6425992779783394, 0.6055555555555555, 0.6460674157303371
1333, 0.6353790613718412, 0.6055555555555555, 0.6348314606741573
1334, 0.6425992779783394, 0.6, 0.6348314606741573
1335, 0.6335740072202166, 0.6, 0.6404494382022472
1336, 0.6516245487364621, 0.6222222222222222, 0.6460674157303371
1337, 0.6462093862815884, 0.6166666666666667, 0.6573033707865169
1338, 0.6425992779783394, 0.6, 0.651685393258427
1339, 0.6678700361010831, 0.6333333333333333, 0.6573033707865169
1340, 0.648014440433213, 0.6277777777777778, 0.6460674157303371
1341, 0.6353790613718412, 0.6111111111111112, 0.6235955056179775
1342, 0.6425992779783394, 0.6111111111111112, 0.6460674157303371
1343, 0.6516245487364621, 0.6166666666666667, 0.6460674157303371
1344, 0.644404332129964, 0.6, 0.6348314606741573
1345, 0.644404332129964, 0.6333333333333333, 0.6404494382022472
1346, 0.6353790613718412, 0.5888888888888889, 0.6235955056179775
1347, 0.6534296028880866, 0.6222222222222222, 0.6348314606741573
1348, 0.644404332129964, 0.6055555555555555, 0.6292134831460674
1349, 0.6714801444043321, 0.6388888888888888, 0.6460674157303371
1350, 0.6263537906137184, 0.5833333333333334, 0.6123595505617978
1351, 0.628158844765343, 0.5777777777777777, 0.6235955056179775
1352, 0.6335740072202166, 0.6055555555555555, 0.6179775280898876
1353, 0.6642599277978339, 0.6166666666666667, 0.6404494382022472
1354, 0.6389891696750902, 0.6166666666666667, 0.6348314606741573
1355, 0.6245487364620939, 0.5944444444444444, 0.6348314606741573
1356, 0.6101083032490975, 0.5777777777777777, 0.601123595505618
1357, 0.6462093862815884, 0.6166666666666667, 0.6460674157303371
1358, 0.644404332129964, 0.6055555555555555, 0.6292134831460674
1359, 0.6516245487364621, 0.6222222222222222, 0.6460674157303371
1360, 0.6407942238267148, 0.6166666666666667, 0.6460674157303371
1361, 0.6407942238267148, 0.6111111111111112, 0.6348314606741573
1362, 0.6335740072202166, 0.5944444444444444, 0.6235955056179775
1363, 0.6389891696750902, 0.6055555555555555, 0.6348314606741573
1364, 0.6263537906137184, 0.5833333333333334, 0.6292134831460674
1365, 0.6299638989169675, 0.6055555555555555, 0.6292134831460674
1366, 0.6425992779783394, 0.6055555555555555, 0.6460674157303371
1367, 0.6425992779783394, 0.6055555555555555, 0.6348314606741573
1368, 0.6624548736462094, 0.6166666666666667, 0.6348314606741573
1369, 0.6462093862815884, 0.6222222222222222, 0.6404494382022472
1370, 0.6606498194945848, 0.6222222222222222, 0.6460674157303371
1371, 0.6083032490974729, 0.5777777777777777, 0.6067415730337079
1372, 0.6371841155234657, 0.6166666666666667, 0.651685393258427
1373, 0.6389891696750902, 0.6, 0.6404494382022472
1374, 0.644404332129964, 0.6055555555555555, 0.6404494382022472
1375, 0.6552346570397112, 0.6388888888888888, 0.651685393258427
1376, 0.644404332129964, 0.6111111111111112, 0.6404494382022472
1377, 0.6335740072202166, 0.6055555555555555, 0.6404494382022472
1378, 0.6407942238267148, 0.6166666666666667, 0.6460674157303371
1379, 0.6462093862815884, 0.6277777777777778, 0.6460674157303371
1380, 0.6371841155234657, 0.6, 0.6460674157303371
1381, 0.6462093862815884, 0.6222222222222222, 0.6460674157303371
1382, 0.6570397111913358, 0.6444444444444445, 0.651685393258427
1383, 0.6498194945848376, 0.6388888888888888, 0.651685393258427
1384, 0.6425992779783394, 0.5944444444444444, 0.6348314606741573
1385, 0.6552346570397112, 0.6277777777777778, 0.651685393258427
1386, 0.644404332129964, 0.6222222222222222, 0.651685393258427
1387, 0.6552346570397112, 0.6333333333333333, 0.6460674157303371
1388, 0.644404332129964, 0.6166666666666667, 0.6460674157303371
1389, 0.644404332129964, 0.6166666666666667, 0.6404494382022472
1390, 0.644404332129964, 0.6055555555555555, 0.6348314606741573
1391, 0.6371841155234657, 0.6111111111111112, 0.6235955056179775
1392, 0.648014440433213, 0.6111111111111112, 0.6348314606741573
1393, 0.6624548736462094, 0.6222222222222222, 0.6573033707865169
1394, 0.628158844765343, 0.5944444444444444, 0.6235955056179775
1395, 0.6462093862815884, 0.6222222222222222, 0.6460674157303371
1396, 0.6462093862815884, 0.6055555555555555, 0.6292134831460674
1397, 0.648014440433213, 0.6, 0.6348314606741573
1398, 0.6371841155234657, 0.5944444444444444, 0.6235955056179775
1399, 0.6407942238267148, 0.6055555555555555, 0.6292134831460674
1400, 0.6606498194945848, 0.6166666666666667, 0.6460674157303371
1401, 0.6498194945848376, 0.6333333333333333, 0.6404494382022472
1402, 0.6245487364620939, 0.6111111111111112, 0.6292134831460674
1403, 0.644404332129964, 0.6333333333333333, 0.6460674157303371
1404, 0.6462093862815884, 0.6222222222222222, 0.6460674157303371
1405, 0.6678700361010831, 0.6277777777777778, 0.6573033707865169
1406, 0.6534296028880866, 0.5944444444444444, 0.6235955056179775
1407, 0.6696750902527075, 0.6611111111111111, 0.6629213483146067
1408, 0.6552346570397112, 0.6277777777777778, 0.6573033707865169
1409, 0.6498194945848376, 0.6166666666666667, 0.651685393258427
1410, 0.6425992779783394, 0.5888888888888889, 0.6292134831460674
1411, 0.6534296028880866, 0.6222222222222222, 0.6460674157303371
1412, 0.6714801444043321, 0.6277777777777778, 0.651685393258427
1413, 0.6425992779783394, 0.5944444444444444, 0.6292134831460674
1414, 0.6570397111913358, 0.65, 0.651685393258427
1415, 0.6498194945848376, 0.6111111111111112, 0.6348314606741573
1416, 0.6498194945848376, 0.6166666666666667, 0.6292134831460674
1417, 0.644404332129964, 0.6222222222222222, 0.6404494382022472
1418, 0.644404332129964, 0.6166666666666667, 0.6404494382022472
1419, 0.6606498194945848, 0.6444444444444445, 0.651685393258427
1420, 0.6462093862815884, 0.6222222222222222, 0.6460674157303371
1421, 0.6570397111913358, 0.6388888888888888, 0.6460674157303371
1422, 0.648014440433213, 0.6333333333333333, 0.6460674157303371
1423, 0.6425992779783394, 0.6166666666666667, 0.6292134831460674
1424, 0.6462093862815884, 0.6166666666666667, 0.6404494382022472
1425, 0.6534296028880866, 0.6222222222222222, 0.6460674157303371
1426, 0.6498194945848376, 0.6388888888888888, 0.651685393258427
