The trainset contains 554 examples.  Took 1 seconds.
The  testset contains 180 examples.  Took 262 milliseconds.
The  tuneset contains 178 examples.  Took 244 milliseconds.

The input vector size is 4,096.

Converted 554 TRAIN examples to feature vectors. Took 182 milliseconds.
Converted 180 TUNE  examples to feature vectors. Took 2 seconds.
Converted 178 TEST  examples to feature vectors. Took 44 milliseconds.

Time to start learning!
0, 0.26353790613718414, 0.2611111111111111, 0.25842696629213485
1, 0.26353790613718414, 0.2611111111111111, 0.25842696629213485
2, 0.26353790613718414, 0.2611111111111111, 0.25842696629213485
3, 0.26353790613718414, 0.2611111111111111, 0.25842696629213485
4, 0.20577617328519857, 0.20555555555555555, 0.20786516853932585
5, 0.26353790613718414, 0.2611111111111111, 0.25842696629213485
6, 0.26353790613718414, 0.2611111111111111, 0.25842696629213485
7, 0.20577617328519857, 0.20555555555555555, 0.20786516853932585
8, 0.26353790613718414, 0.2611111111111111, 0.25842696629213485
9, 0.26353790613718414, 0.2611111111111111, 0.25842696629213485
10, 0.26353790613718414, 0.2611111111111111, 0.25842696629213485
11, 0.26353790613718414, 0.2611111111111111, 0.25842696629213485
12, 0.26353790613718414, 0.2611111111111111, 0.25842696629213485
13, 0.26353790613718414, 0.2611111111111111, 0.25842696629213485
14, 0.26353790613718414, 0.2611111111111111, 0.25842696629213485
15, 0.20577617328519857, 0.20555555555555555, 0.20786516853932585
16, 0.26353790613718414, 0.2611111111111111, 0.25842696629213485
17, 0.26353790613718414, 0.2611111111111111, 0.25842696629213485
18, 0.20577617328519857, 0.20555555555555555, 0.20786516853932585
19, 0.26353790613718414, 0.2611111111111111, 0.25842696629213485
20, 0.20577617328519857, 0.20555555555555555, 0.20786516853932585
21, 0.20577617328519857, 0.20555555555555555, 0.20786516853932585
22, 0.20577617328519857, 0.20555555555555555, 0.20786516853932585
23, 0.26353790613718414, 0.2611111111111111, 0.25842696629213485
24, 0.26353790613718414, 0.2611111111111111, 0.25842696629213485
25, 0.20577617328519857, 0.20555555555555555, 0.20786516853932585
26, 0.26353790613718414, 0.2611111111111111, 0.25842696629213485
27, 0.26353790613718414, 0.2611111111111111, 0.25842696629213485
28, 0.26353790613718414, 0.2611111111111111, 0.25842696629213485
29, 0.20577617328519857, 0.20555555555555555, 0.20786516853932585
30, 0.26353790613718414, 0.2611111111111111, 0.25842696629213485
31, 0.26353790613718414, 0.2611111111111111, 0.25842696629213485
32, 0.20577617328519857, 0.20555555555555555, 0.20786516853932585
33, 0.20577617328519857, 0.20555555555555555, 0.20786516853932585
34, 0.26353790613718414, 0.2611111111111111, 0.25842696629213485
35, 0.26353790613718414, 0.2611111111111111, 0.25842696629213485
36, 0.26353790613718414, 0.2611111111111111, 0.25842696629213485
37, 0.20577617328519857, 0.20555555555555555, 0.20786516853932585
38, 0.26353790613718414, 0.2611111111111111, 0.25842696629213485
39, 0.20577617328519857, 0.20555555555555555, 0.20786516853932585
40, 0.26353790613718414, 0.2611111111111111, 0.25842696629213485
41, 0.20577617328519857, 0.20555555555555555, 0.20786516853932585
42, 0.26353790613718414, 0.2611111111111111, 0.25842696629213485
43, 0.26353790613718414, 0.2611111111111111, 0.25842696629213485
44, 0.26353790613718414, 0.2611111111111111, 0.25842696629213485
45, 0.20577617328519857, 0.20555555555555555, 0.20786516853932585
46, 0.20577617328519857, 0.20555555555555555, 0.20786516853932585
47, 0.26353790613718414, 0.2611111111111111, 0.25842696629213485
48, 0.26353790613718414, 0.2611111111111111, 0.25842696629213485
49, 0.26353790613718414, 0.2611111111111111, 0.25842696629213485
50, 0.26353790613718414, 0.2611111111111111, 0.25842696629213485
51, 0.20577617328519857, 0.20555555555555555, 0.20786516853932585
52, 0.26353790613718414, 0.2611111111111111, 0.25842696629213485
53, 0.26353790613718414, 0.2611111111111111, 0.25842696629213485
54, 0.26353790613718414, 0.2611111111111111, 0.25842696629213485
55, 0.26353790613718414, 0.2611111111111111, 0.25842696629213485
56, 0.26353790613718414, 0.2611111111111111, 0.25842696629213485
57, 0.26353790613718414, 0.2611111111111111, 0.25842696629213485
58, 0.26353790613718414, 0.2611111111111111, 0.25842696629213485
59, 0.26353790613718414, 0.2611111111111111, 0.25842696629213485
60, 0.26353790613718414, 0.2611111111111111, 0.25842696629213485
61, 0.26353790613718414, 0.2611111111111111, 0.25842696629213485
62, 0.26353790613718414, 0.2611111111111111, 0.25842696629213485
63, 0.26353790613718414, 0.2611111111111111, 0.25842696629213485
64, 0.26353790613718414, 0.2611111111111111, 0.25842696629213485
65, 0.26353790613718414, 0.2611111111111111, 0.25842696629213485
66, 0.26353790613718414, 0.2611111111111111, 0.25842696629213485
67, 0.26353790613718414, 0.2611111111111111, 0.25842696629213485
68, 0.26353790613718414, 0.2611111111111111, 0.25842696629213485
69, 0.26353790613718414, 0.2611111111111111, 0.25842696629213485
70, 0.26353790613718414, 0.2611111111111111, 0.25842696629213485
71, 0.20577617328519857, 0.20555555555555555, 0.20786516853932585
72, 0.26353790613718414, 0.2611111111111111, 0.25842696629213485
73, 0.20577617328519857, 0.20555555555555555, 0.20786516853932585
74, 0.26353790613718414, 0.2611111111111111, 0.25842696629213485
75, 0.26353790613718414, 0.2611111111111111, 0.25842696629213485
76, 0.20577617328519857, 0.20555555555555555, 0.20786516853932585
77, 0.20577617328519857, 0.20555555555555555, 0.20786516853932585
78, 0.09205776173285199, 0.09444444444444444, 0.09550561797752809
79, 0.20577617328519857, 0.20555555555555555, 0.20786516853932585
80, 0.20577617328519857, 0.20555555555555555, 0.20786516853932585
81, 0.26353790613718414, 0.2611111111111111, 0.25842696629213485
82, 0.20577617328519857, 0.20555555555555555, 0.20786516853932585
83, 0.26353790613718414, 0.2611111111111111, 0.25842696629213485
84, 0.20577617328519857, 0.20555555555555555, 0.20786516853932585
85, 0.26353790613718414, 0.2611111111111111, 0.25842696629213485
86, 0.26353790613718414, 0.2611111111111111, 0.25842696629213485
87, 0.26353790613718414, 0.2611111111111111, 0.25842696629213485
88, 0.26353790613718414, 0.2611111111111111, 0.25842696629213485
89, 0.26353790613718414, 0.2611111111111111, 0.25842696629213485
90, 0.09205776173285199, 0.09444444444444444, 0.09550561797752809
91, 0.26353790613718414, 0.2611111111111111, 0.25842696629213485
92, 0.26353790613718414, 0.2611111111111111, 0.25842696629213485
93, 0.26353790613718414, 0.2611111111111111, 0.25842696629213485
94, 0.20577617328519857, 0.20555555555555555, 0.20786516853932585
95, 0.26353790613718414, 0.2611111111111111, 0.25842696629213485
96, 0.26353790613718414, 0.2611111111111111, 0.25842696629213485
97, 0.26353790613718414, 0.2611111111111111, 0.25842696629213485
98, 0.26353790613718414, 0.2611111111111111, 0.25842696629213485
99, 0.20577617328519857, 0.20555555555555555, 0.20786516853932585
100, 0.26353790613718414, 0.2611111111111111, 0.25842696629213485
101, 0.20577617328519857, 0.20555555555555555, 0.20786516853932585
102, 0.26353790613718414, 0.2611111111111111, 0.25842696629213485
103, 0.20577617328519857, 0.20555555555555555, 0.20786516853932585
104, 0.26353790613718414, 0.2611111111111111, 0.25842696629213485
105, 0.20577617328519857, 0.20555555555555555, 0.20786516853932585
106, 0.26353790613718414, 0.2611111111111111, 0.25842696629213485
107, 0.20577617328519857, 0.20555555555555555, 0.20786516853932585
108, 0.26353790613718414, 0.2611111111111111, 0.25842696629213485
109, 0.26353790613718414, 0.2611111111111111, 0.25842696629213485
110, 0.26353790613718414, 0.2611111111111111, 0.25842696629213485
111, 0.26353790613718414, 0.2611111111111111, 0.25842696629213485
112, 0.20577617328519857, 0.20555555555555555, 0.20786516853932585
113, 0.26353790613718414, 0.2611111111111111, 0.25842696629213485
114, 0.20577617328519857, 0.20555555555555555, 0.20786516853932585
115, 0.20577617328519857, 0.20555555555555555, 0.20786516853932585
116, 0.26353790613718414, 0.2611111111111111, 0.25842696629213485
117, 0.26353790613718414, 0.2611111111111111, 0.25842696629213485
118, 0.26353790613718414, 0.2611111111111111, 0.25842696629213485
119, 0.20577617328519857, 0.20555555555555555, 0.20786516853932585
120, 0.26353790613718414, 0.2611111111111111, 0.25842696629213485
121, 0.26353790613718414, 0.2611111111111111, 0.25842696629213485
122, 0.26353790613718414, 0.2611111111111111, 0.25842696629213485
123, 0.26353790613718414, 0.2611111111111111, 0.25842696629213485
124, 0.26353790613718414, 0.2611111111111111, 0.25842696629213485
125, 0.20577617328519857, 0.20555555555555555, 0.20786516853932585
126, 0.20577617328519857, 0.20555555555555555, 0.20786516853932585
127, 0.20577617328519857, 0.20555555555555555, 0.20786516853932585
128, 0.26353790613718414, 0.2611111111111111, 0.25842696629213485
129, 0.26353790613718414, 0.2611111111111111, 0.25842696629213485
130, 0.26353790613718414, 0.2611111111111111, 0.25842696629213485
131, 0.20577617328519857, 0.20555555555555555, 0.20786516853932585
132, 0.26353790613718414, 0.2611111111111111, 0.25842696629213485
133, 0.26353790613718414, 0.2611111111111111, 0.25842696629213485
134, 0.20577617328519857, 0.20555555555555555, 0.20786516853932585
135, 0.26173285198555957, 0.26666666666666666, 0.2696629213483146
136, 0.20577617328519857, 0.20555555555555555, 0.20786516853932585
137, 0.26353790613718414, 0.2611111111111111, 0.25842696629213485
138, 0.26353790613718414, 0.2611111111111111, 0.25842696629213485
139, 0.26353790613718414, 0.2611111111111111, 0.25842696629213485
140, 0.26353790613718414, 0.2611111111111111, 0.25842696629213485
141, 0.26353790613718414, 0.2611111111111111, 0.25842696629213485
142, 0.26353790613718414, 0.2611111111111111, 0.25842696629213485
143, 0.26353790613718414, 0.2611111111111111, 0.25842696629213485
144, 0.20577617328519857, 0.20555555555555555, 0.20786516853932585
145, 0.26353790613718414, 0.2611111111111111, 0.25842696629213485
146, 0.26353790613718414, 0.2611111111111111, 0.25842696629213485
147, 0.26353790613718414, 0.2611111111111111, 0.25842696629213485
148, 0.26353790613718414, 0.2611111111111111, 0.25842696629213485
149, 0.26353790613718414, 0.2611111111111111, 0.25842696629213485
150, 0.26353790613718414, 0.2611111111111111, 0.25842696629213485
151, 0.26353790613718414, 0.2611111111111111, 0.25842696629213485
152, 0.26353790613718414, 0.2611111111111111, 0.25842696629213485
153, 0.26353790613718414, 0.2611111111111111, 0.25842696629213485
154, 0.26353790613718414, 0.2611111111111111, 0.25842696629213485
155, 0.26353790613718414, 0.2611111111111111, 0.25842696629213485
156, 0.26353790613718414, 0.2611111111111111, 0.25842696629213485
157, 0.26353790613718414, 0.2611111111111111, 0.25842696629213485
158, 0.20577617328519857, 0.20555555555555555, 0.20786516853932585
159, 0.26353790613718414, 0.2611111111111111, 0.25842696629213485
160, 0.26353790613718414, 0.2611111111111111, 0.25842696629213485
161, 0.26353790613718414, 0.2611111111111111, 0.25842696629213485
162, 0.26353790613718414, 0.2611111111111111, 0.25842696629213485
163, 0.26353790613718414, 0.2611111111111111, 0.25842696629213485
164, 0.26353790613718414, 0.2611111111111111, 0.25842696629213485
165, 0.26353790613718414, 0.2611111111111111, 0.25842696629213485
166, 0.26353790613718414, 0.2611111111111111, 0.25842696629213485
167, 0.26353790613718414, 0.2611111111111111, 0.25842696629213485
168, 0.26353790613718414, 0.2611111111111111, 0.25842696629213485
169, 0.26353790613718414, 0.2611111111111111, 0.25842696629213485
170, 0.26353790613718414, 0.2611111111111111, 0.25842696629213485
171, 0.26353790613718414, 0.2611111111111111, 0.25842696629213485
172, 0.20577617328519857, 0.20555555555555555, 0.20786516853932585
173, 0.20577617328519857, 0.20555555555555555, 0.20786516853932585
174, 0.26353790613718414, 0.2611111111111111, 0.25842696629213485
175, 0.26353790613718414, 0.2611111111111111, 0.25842696629213485
176, 0.26353790613718414, 0.2611111111111111, 0.25842696629213485
177, 0.26353790613718414, 0.2611111111111111, 0.25842696629213485
178, 0.26353790613718414, 0.2611111111111111, 0.25842696629213485
179, 0.26173285198555957, 0.2611111111111111, 0.25842696629213485
180, 0.26353790613718414, 0.2611111111111111, 0.25842696629213485
181, 0.09205776173285199, 0.09444444444444444, 0.09550561797752809
182, 0.20577617328519857, 0.20555555555555555, 0.20786516853932585
183, 0.20577617328519857, 0.20555555555555555, 0.20786516853932585
184, 0.20577617328519857, 0.20555555555555555, 0.20786516853932585
185, 0.26353790613718414, 0.2611111111111111, 0.25842696629213485
186, 0.26353790613718414, 0.2611111111111111, 0.25842696629213485
187, 0.20577617328519857, 0.20555555555555555, 0.20786516853932585
188, 0.20577617328519857, 0.20555555555555555, 0.20786516853932585
189, 0.20577617328519857, 0.20555555555555555, 0.20786516853932585
190, 0.26353790613718414, 0.2611111111111111, 0.25842696629213485
191, 0.20577617328519857, 0.20555555555555555, 0.20786516853932585
192, 0.20577617328519857, 0.20555555555555555, 0.20786516853932585
193, 0.20577617328519857, 0.20555555555555555, 0.20786516853932585
194, 0.20577617328519857, 0.20555555555555555, 0.20786516853932585
195, 0.20577617328519857, 0.20555555555555555, 0.20786516853932585
196, 0.26353790613718414, 0.2611111111111111, 0.25842696629213485
197, 0.26353790613718414, 0.2611111111111111, 0.25842696629213485
198, 0.26353790613718414, 0.2611111111111111, 0.25842696629213485
199, 0.26353790613718414, 0.2611111111111111, 0.25842696629213485
200, 0.26353790613718414, 0.2611111111111111, 0.25842696629213485
201, 0.20577617328519857, 0.20555555555555555, 0.20786516853932585
202, 0.20577617328519857, 0.20555555555555555, 0.20786516853932585
203, 0.26353790613718414, 0.2611111111111111, 0.25842696629213485
204, 0.20577617328519857, 0.20555555555555555, 0.20786516853932585
205, 0.22382671480144403, 0.2, 0.21910112359550563
206, 0.26353790613718414, 0.2611111111111111, 0.25842696629213485
207, 0.26353790613718414, 0.2611111111111111, 0.25842696629213485
208, 0.26353790613718414, 0.2611111111111111, 0.25842696629213485
209, 0.26353790613718414, 0.2611111111111111, 0.25842696629213485
210, 0.26353790613718414, 0.2611111111111111, 0.25842696629213485
211, 0.26353790613718414, 0.2611111111111111, 0.25842696629213485
212, 0.26353790613718414, 0.2611111111111111, 0.25842696629213485
213, 0.26353790613718414, 0.2611111111111111, 0.25842696629213485
214, 0.20577617328519857, 0.20555555555555555, 0.20786516853932585
215, 0.20577617328519857, 0.20555555555555555, 0.20786516853932585
216, 0.26353790613718414, 0.2611111111111111, 0.25842696629213485
217, 0.26353790613718414, 0.2611111111111111, 0.25842696629213485
218, 0.26353790613718414, 0.2611111111111111, 0.25842696629213485
219, 0.26353790613718414, 0.2611111111111111, 0.25842696629213485
220, 0.20577617328519857, 0.20555555555555555, 0.20786516853932585
221, 0.26353790613718414, 0.2611111111111111, 0.25842696629213485
222, 0.26353790613718414, 0.2611111111111111, 0.25842696629213485
223, 0.26353790613718414, 0.2611111111111111, 0.25842696629213485
224, 0.26353790613718414, 0.2611111111111111, 0.25842696629213485
225, 0.26353790613718414, 0.2611111111111111, 0.25842696629213485
226, 0.20577617328519857, 0.20555555555555555, 0.20786516853932585
227, 0.2581227436823105, 0.25555555555555554, 0.2696629213483146
228, 0.26353790613718414, 0.2611111111111111, 0.25842696629213485
229, 0.26353790613718414, 0.2611111111111111, 0.25842696629213485
230, 0.26353790613718414, 0.2611111111111111, 0.25842696629213485
231, 0.26353790613718414, 0.2611111111111111, 0.25842696629213485
232, 0.20577617328519857, 0.20555555555555555, 0.20786516853932585
233, 0.20577617328519857, 0.20555555555555555, 0.20786516853932585
234, 0.26895306859205775, 0.24444444444444444, 0.2696629213483146
235, 0.26353790613718414, 0.2611111111111111, 0.25842696629213485
236, 0.26173285198555957, 0.2611111111111111, 0.2696629213483146
237, 0.26353790613718414, 0.2611111111111111, 0.25842696629213485
238, 0.20577617328519857, 0.20555555555555555, 0.20786516853932585
239, 0.259927797833935, 0.2611111111111111, 0.2696629213483146
240, 0.20577617328519857, 0.20555555555555555, 0.20786516853932585
241, 0.20577617328519857, 0.20555555555555555, 0.20786516853932585
242, 0.26353790613718414, 0.2611111111111111, 0.25842696629213485
243, 0.20577617328519857, 0.20555555555555555, 0.20786516853932585
244, 0.20577617328519857, 0.20555555555555555, 0.20786516853932585
245, 0.20577617328519857, 0.20555555555555555, 0.20786516853932585
246, 0.20577617328519857, 0.20555555555555555, 0.20786516853932585
247, 0.20577617328519857, 0.20555555555555555, 0.20786516853932585
248, 0.29422382671480146, 0.3, 0.3202247191011236
249, 0.26173285198555957, 0.2611111111111111, 0.2640449438202247
250, 0.26353790613718414, 0.2611111111111111, 0.25842696629213485
251, 0.26353790613718414, 0.2611111111111111, 0.25842696629213485
252, 0.26353790613718414, 0.2611111111111111, 0.25842696629213485
253, 0.26173285198555957, 0.2611111111111111, 0.25842696629213485
254, 0.26353790613718414, 0.2611111111111111, 0.25842696629213485
255, 0.26534296028880866, 0.26666666666666666, 0.2640449438202247
256, 0.20938628158844766, 0.20555555555555555, 0.20786516853932585
257, 0.26173285198555957, 0.2611111111111111, 0.25842696629213485
258, 0.2779783393501805, 0.2777777777777778, 0.29213483146067415
259, 0.20577617328519857, 0.20555555555555555, 0.20786516853932585
260, 0.26353790613718414, 0.2611111111111111, 0.25842696629213485
261, 0.26353790613718414, 0.2611111111111111, 0.25842696629213485
262, 0.24368231046931407, 0.2388888888888889, 0.24719101123595505
263, 0.26353790613718414, 0.2611111111111111, 0.25842696629213485
264, 0.26353790613718414, 0.2611111111111111, 0.25842696629213485
265, 0.27256317689530685, 0.2722222222222222, 0.2696629213483146
266, 0.26173285198555957, 0.2611111111111111, 0.25842696629213485
267, 0.24187725631768953, 0.22777777777777777, 0.2303370786516854
268, 0.20577617328519857, 0.20555555555555555, 0.20786516853932585
269, 0.20577617328519857, 0.20555555555555555, 0.20786516853932585
270, 0.26353790613718414, 0.2611111111111111, 0.25842696629213485
271, 0.2509025270758123, 0.21666666666666667, 0.21348314606741572
272, 0.20577617328519857, 0.20555555555555555, 0.20786516853932585
273, 0.20577617328519857, 0.20555555555555555, 0.20786516853932585
274, 0.20577617328519857, 0.20555555555555555, 0.20786516853932585
275, 0.26714801444043323, 0.2611111111111111, 0.2640449438202247
276, 0.21299638989169675, 0.20555555555555555, 0.20224719101123595
277, 0.2292418772563177, 0.18888888888888888, 0.2247191011235955
278, 0.20577617328519857, 0.20555555555555555, 0.20786516853932585
279, 0.2111913357400722, 0.20555555555555555, 0.20224719101123595
280, 0.20577617328519857, 0.20555555555555555, 0.20786516853932585
281, 0.21660649819494585, 0.21666666666666667, 0.20786516853932585
282, 0.2851985559566787, 0.2777777777777778, 0.3089887640449438
283, 0.27075812274368233, 0.26666666666666666, 0.28651685393258425
284, 0.2111913357400722, 0.2111111111111111, 0.20224719101123595
285, 0.2111913357400722, 0.20555555555555555, 0.20786516853932585
286, 0.2111913357400722, 0.2111111111111111, 0.20224719101123595
287, 0.26534296028880866, 0.2722222222222222, 0.2640449438202247
288, 0.23465703971119134, 0.22777777777777777, 0.2247191011235955
289, 0.31227436823104693, 0.28888888888888886, 0.3258426966292135
290, 0.351985559566787, 0.32222222222222224, 0.34831460674157305
291, 0.3231046931407942, 0.3055555555555556, 0.34269662921348315
292, 0.1624548736462094, 0.1388888888888889, 0.16853932584269662
293, 0.30685920577617326, 0.2833333333333333, 0.3202247191011236
294, 0.27256317689530685, 0.2777777777777778, 0.29213483146067415
295, 0.30505415162454874, 0.2777777777777778, 0.3202247191011236
296, 0.2364620938628159, 0.21666666666666667, 0.23595505617977527
297, 0.24729241877256317, 0.2611111111111111, 0.2640449438202247
298, 0.20577617328519857, 0.18888888888888888, 0.21348314606741572
299, 0.31227436823104693, 0.29444444444444445, 0.3202247191011236
300, 0.2743682310469314, 0.2722222222222222, 0.28651685393258425
301, 0.2743682310469314, 0.2722222222222222, 0.29213483146067415
302, 0.3104693140794224, 0.29444444444444445, 0.3258426966292135
303, 0.2851985559566787, 0.2833333333333333, 0.29775280898876405
304, 0.2148014440433213, 0.21666666666666667, 0.20786516853932585
305, 0.30324909747292417, 0.26666666666666666, 0.3146067415730337
306, 0.3140794223826715, 0.29444444444444445, 0.3202247191011236
307, 0.30144404332129965, 0.2833333333333333, 0.3258426966292135
308, 0.29061371841155237, 0.26666666666666666, 0.3146067415730337
309, 0.2111913357400722, 0.20555555555555555, 0.20786516853932585
310, 0.29783393501805056, 0.28888888888888886, 0.3202247191011236
311, 0.2490974729241877, 0.2111111111111111, 0.25280898876404495
312, 0.18592057761732853, 0.18333333333333332, 0.21348314606741572
313, 0.13537906137184116, 0.13333333333333333, 0.15168539325842698
314, 0.21299638989169675, 0.18888888888888888, 0.2303370786516854
315, 0.2184115523465704, 0.2222222222222222, 0.2247191011235955
316, 0.2545126353790614, 0.25, 0.2640449438202247
317, 0.22563176895306858, 0.2111111111111111, 0.2247191011235955
318, 0.34115523465703973, 0.32222222222222224, 0.3651685393258427
319, 0.22743682310469315, 0.2111111111111111, 0.24157303370786518
320, 0.33574007220216606, 0.3333333333333333, 0.34831460674157305
321, 0.21660649819494585, 0.2222222222222222, 0.20224719101123595
322, 0.22202166064981949, 0.22777777777777777, 0.2247191011235955
323, 0.20938628158844766, 0.2111111111111111, 0.20224719101123595
324, 0.20938628158844766, 0.21666666666666667, 0.20224719101123595
325, 0.22021660649819494, 0.2222222222222222, 0.2303370786516854
326, 0.2111913357400722, 0.20555555555555555, 0.20786516853932585
327, 0.23104693140794225, 0.2222222222222222, 0.20224719101123595
328, 0.22202166064981949, 0.21666666666666667, 0.2247191011235955
329, 0.24007220216606498, 0.2111111111111111, 0.2303370786516854
330, 0.3140794223826715, 0.2777777777777778, 0.3202247191011236
331, 0.22021660649819494, 0.22777777777777777, 0.2247191011235955
332, 0.21660649819494585, 0.2222222222222222, 0.20224719101123595
333, 0.24548736462093862, 0.21666666666666667, 0.24157303370786518
334, 0.3176895306859206, 0.29444444444444445, 0.3146067415730337
335, 0.24548736462093862, 0.2222222222222222, 0.24157303370786518
336, 0.20577617328519857, 0.20555555555555555, 0.21910112359550563
337, 0.15342960288808663, 0.1388888888888889, 0.1404494382022472
338, 0.30866425992779783, 0.2777777777777778, 0.33707865168539325
339, 0.13898916967509026, 0.14444444444444443, 0.14606741573033707
340, 0.3140794223826715, 0.29444444444444445, 0.3202247191011236
341, 0.15162454873646208, 0.1388888888888889, 0.15168539325842698
342, 0.19133574007220217, 0.18333333333333332, 0.21348314606741572
343, 0.18592057761732853, 0.18888888888888888, 0.20786516853932585
344, 0.22202166064981949, 0.2222222222222222, 0.2247191011235955
345, 0.23465703971119134, 0.21666666666666667, 0.24157303370786518
346, 0.24187725631768953, 0.21666666666666667, 0.24157303370786518
347, 0.22021660649819494, 0.22777777777777777, 0.20224719101123595
348, 0.19855595667870035, 0.18888888888888888, 0.21910112359550563
349, 0.29783393501805056, 0.28888888888888886, 0.3202247191011236
350, 0.20938628158844766, 0.18888888888888888, 0.2303370786516854
351, 0.2364620938628159, 0.21666666666666667, 0.24157303370786518
352, 0.23465703971119134, 0.2111111111111111, 0.24157303370786518
353, 0.26173285198555957, 0.25555555555555554, 0.2696629213483146
354, 0.1407942238267148, 0.1388888888888889, 0.15730337078651685
355, 0.30324909747292417, 0.25, 0.29213483146067415
356, 0.24368231046931407, 0.21666666666666667, 0.24157303370786518
357, 0.2563176895306859, 0.26666666666666666, 0.29775280898876405
358, 0.3285198555956679, 0.3277777777777778, 0.3595505617977528
359, 0.2148014440433213, 0.2, 0.23595505617977527
360, 0.2490974729241877, 0.2222222222222222, 0.24157303370786518
361, 0.20216606498194944, 0.18888888888888888, 0.23595505617977527
362, 0.15703971119133575, 0.1388888888888889, 0.16292134831460675
363, 0.18231046931407943, 0.18888888888888888, 0.21348314606741572
364, 0.18231046931407943, 0.18333333333333332, 0.20224719101123595
365, 0.2851985559566787, 0.28888888888888886, 0.34269662921348315
366, 0.315884476534296, 0.29444444444444445, 0.3202247191011236
367, 0.19133574007220217, 0.18333333333333332, 0.21348314606741572
368, 0.1263537906137184, 0.1111111111111111, 0.11235955056179775
369, 0.2364620938628159, 0.2, 0.24157303370786518
370, 0.315884476534296, 0.29444444444444445, 0.3258426966292135
371, 0.16967509025270758, 0.1388888888888889, 0.15730337078651685
372, 0.1263537906137184, 0.1111111111111111, 0.12359550561797752
373, 0.1552346570397112, 0.12222222222222222, 0.14606741573033707
374, 0.2563176895306859, 0.25, 0.2808988764044944
375, 0.2111913357400722, 0.2, 0.24157303370786518
376, 0.17689530685920576, 0.15, 0.17415730337078653
377, 0.2075812274368231, 0.19444444444444445, 0.24719101123595505
378, 0.2509025270758123, 0.24444444444444444, 0.2640449438202247
379, 0.19855595667870035, 0.18888888888888888, 0.2247191011235955
380, 0.11010830324909747, 0.10555555555555556, 0.11235955056179775
381, 0.18953068592057762, 0.18888888888888888, 0.21910112359550563
382, 0.13176895306859207, 0.13333333333333333, 0.12921348314606743
383, 0.22743682310469315, 0.21666666666666667, 0.24157303370786518
384, 0.15162454873646208, 0.12222222222222222, 0.1348314606741573
385, 0.11191335740072202, 0.10555555555555556, 0.11235955056179775
386, 0.2779783393501805, 0.28888888888888886, 0.3202247191011236
387, 0.15162454873646208, 0.1388888888888889, 0.15168539325842698
388, 0.14259927797833935, 0.10555555555555556, 0.12359550561797752
389, 0.21299638989169675, 0.2111111111111111, 0.24719101123595505
390, 0.17328519855595667, 0.14444444444444443, 0.15168539325842698
391, 0.12815884476534295, 0.12777777777777777, 0.1348314606741573
392, 0.11010830324909747, 0.10555555555555556, 0.11235955056179775
393, 0.12454873646209386, 0.1111111111111111, 0.12359550561797752
394, 0.11552346570397112, 0.10555555555555556, 0.11797752808988764
395, 0.17509025270758122, 0.15, 0.17415730337078653
396, 0.16967509025270758, 0.18333333333333332, 0.17415730337078653
397, 0.11732851985559567, 0.1111111111111111, 0.10674157303370786
398, 0.16606498194945848, 0.16111111111111112, 0.16853932584269662
399, 0.11913357400722022, 0.10555555555555556, 0.11235955056179775
400, 0.16425992779783394, 0.1388888888888889, 0.16292134831460675
401, 0.17148014440433212, 0.15, 0.1797752808988764
402, 0.148014440433213, 0.1388888888888889, 0.15168539325842698
403, 0.22743682310469315, 0.2222222222222222, 0.24719101123595505
404, 0.18050541516245489, 0.15, 0.1853932584269663
405, 0.13537906137184116, 0.13333333333333333, 0.1404494382022472
406, 0.2328519855595668, 0.22777777777777777, 0.24719101123595505
407, 0.1299638989169675, 0.1111111111111111, 0.12921348314606743
408, 0.15342960288808663, 0.1388888888888889, 0.15730337078651685
409, 0.18772563176895307, 0.18333333333333332, 0.20786516853932585
410, 0.13357400722021662, 0.13333333333333333, 0.1404494382022472
411, 0.16064981949458484, 0.1388888888888889, 0.16292134831460675
412, 0.11371841155234658, 0.10555555555555556, 0.10674157303370786
413, 0.13176895306859207, 0.10555555555555556, 0.11235955056179775
414, 0.16425992779783394, 0.1388888888888889, 0.16853932584269662
415, 0.15162454873646208, 0.1388888888888889, 0.15730337078651685
416, 0.14259927797833935, 0.1388888888888889, 0.14606741573033707
417, 0.14620938628158844, 0.1388888888888889, 0.14606741573033707
418, 0.14620938628158844, 0.1388888888888889, 0.15168539325842698
419, 0.1407942238267148, 0.12777777777777777, 0.1404494382022472
420, 0.14620938628158844, 0.1388888888888889, 0.14606741573033707
421, 0.16425992779783394, 0.1388888888888889, 0.17415730337078653
422, 0.20397111913357402, 0.2, 0.25280898876404495
423, 0.13537906137184116, 0.11666666666666667, 0.14606741573033707
424, 0.13357400722021662, 0.12777777777777777, 0.1404494382022472
425, 0.11191335740072202, 0.10555555555555556, 0.11235955056179775
426, 0.17870036101083034, 0.17777777777777778, 0.19101123595505617
427, 0.1444043321299639, 0.13333333333333333, 0.14606741573033707
428, 0.12274368231046931, 0.1111111111111111, 0.11797752808988764
429, 0.1299638989169675, 0.11666666666666667, 0.1348314606741573
430, 0.1588447653429603, 0.1388888888888889, 0.16292134831460675
431, 0.13357400722021662, 0.11666666666666667, 0.1348314606741573
432, 0.14620938628158844, 0.1388888888888889, 0.15168539325842698
433, 0.14620938628158844, 0.1388888888888889, 0.15168539325842698
434, 0.1407942238267148, 0.13333333333333333, 0.1404494382022472
435, 0.14620938628158844, 0.1388888888888889, 0.1404494382022472
436, 0.1299638989169675, 0.12777777777777777, 0.12921348314606743
437, 0.1299638989169675, 0.12777777777777777, 0.1348314606741573
438, 0.11732851985559567, 0.1111111111111111, 0.11797752808988764
439, 0.13537906137184116, 0.12777777777777777, 0.1404494382022472
440, 0.17328519855595667, 0.14444444444444443, 0.17415730337078653
441, 0.11010830324909747, 0.10555555555555556, 0.11235955056179775
442, 0.13176895306859207, 0.12777777777777777, 0.1404494382022472
443, 0.11010830324909747, 0.10555555555555556, 0.11235955056179775
444, 0.1299638989169675, 0.12222222222222222, 0.1348314606741573
445, 0.11191335740072202, 0.10555555555555556, 0.11235955056179775
446, 0.14620938628158844, 0.12777777777777777, 0.14606741573033707
447, 0.11732851985559567, 0.10555555555555556, 0.11797752808988764
448, 0.11010830324909747, 0.10555555555555556, 0.10674157303370786
449, 0.1263537906137184, 0.11666666666666667, 0.12359550561797752
450, 0.11371841155234658, 0.10555555555555556, 0.10674157303370786
451, 0.15703971119133575, 0.1388888888888889, 0.16853932584269662
452, 0.13176895306859207, 0.12222222222222222, 0.1404494382022472
453, 0.12093862815884476, 0.1111111111111111, 0.11797752808988764
454, 0.12274368231046931, 0.11666666666666667, 0.11797752808988764
455, 0.13176895306859207, 0.12222222222222222, 0.1404494382022472
456, 0.1444043321299639, 0.12777777777777777, 0.1404494382022472
457, 0.12093862815884476, 0.11666666666666667, 0.11797752808988764
458, 0.13176895306859207, 0.11666666666666667, 0.1404494382022472
459, 0.14981949458483754, 0.12222222222222222, 0.15730337078651685
460, 0.1552346570397112, 0.1388888888888889, 0.16853932584269662
461, 0.11913357400722022, 0.11666666666666667, 0.11797752808988764
462, 0.13357400722021662, 0.11666666666666667, 0.1404494382022472
463, 0.14620938628158844, 0.12222222222222222, 0.1404494382022472
464, 0.1371841155234657, 0.11666666666666667, 0.1404494382022472
465, 0.18411552346570398, 0.17777777777777778, 0.20786516853932585
466, 0.13898916967509026, 0.12222222222222222, 0.1404494382022472
467, 0.14981949458483754, 0.12777777777777777, 0.15730337078651685
468, 0.1444043321299639, 0.12222222222222222, 0.1404494382022472
469, 0.148014440433213, 0.12777777777777777, 0.1404494382022472
470, 0.15342960288808663, 0.1388888888888889, 0.15730337078651685
471, 0.15162454873646208, 0.12777777777777777, 0.15730337078651685
472, 0.11913357400722022, 0.10555555555555556, 0.11235955056179775
473, 0.13898916967509026, 0.11666666666666667, 0.1348314606741573
474, 0.148014440433213, 0.12777777777777777, 0.14606741573033707
475, 0.1299638989169675, 0.11666666666666667, 0.1404494382022472
476, 0.13537906137184116, 0.12222222222222222, 0.1404494382022472
477, 0.15342960288808663, 0.12777777777777777, 0.15730337078651685
478, 0.1263537906137184, 0.11666666666666667, 0.12921348314606743
479, 0.19133574007220217, 0.18888888888888888, 0.2303370786516854
480, 0.19133574007220217, 0.18888888888888888, 0.2247191011235955
481, 0.12093862815884476, 0.11666666666666667, 0.11797752808988764
482, 0.19855595667870035, 0.18888888888888888, 0.23595505617977527
483, 0.15162454873646208, 0.12222222222222222, 0.15730337078651685
484, 0.17509025270758122, 0.16666666666666666, 0.19101123595505617
485, 0.15703971119133575, 0.12777777777777777, 0.15730337078651685
486, 0.15703971119133575, 0.12777777777777777, 0.15730337078651685
487, 0.1552346570397112, 0.12777777777777777, 0.15730337078651685
488, 0.14981949458483754, 0.12777777777777777, 0.14606741573033707
489, 0.14259927797833935, 0.12222222222222222, 0.14606741573033707
490, 0.1967509025270758, 0.18333333333333332, 0.23595505617977527
491, 0.16967509025270758, 0.15555555555555556, 0.1853932584269663
492, 0.148014440433213, 0.11666666666666667, 0.14606741573033707
493, 0.14620938628158844, 0.11666666666666667, 0.14606741573033707
494, 0.17689530685920576, 0.16666666666666666, 0.19101123595505617
495, 0.2111913357400722, 0.2111111111111111, 0.24719101123595505
496, 0.16606498194945848, 0.14444444444444443, 0.17415730337078653
497, 0.18772563176895307, 0.18888888888888888, 0.20786516853932585
498, 0.17689530685920576, 0.17222222222222222, 0.1853932584269663
499, 0.1931407942238267, 0.18888888888888888, 0.2247191011235955
500, 0.14259927797833935, 0.12222222222222222, 0.14606741573033707
501, 0.1444043321299639, 0.11666666666666667, 0.14606741573033707
502, 0.17148014440433212, 0.15555555555555556, 0.17415730337078653
503, 0.1931407942238267, 0.18333333333333332, 0.2247191011235955
504, 0.16967509025270758, 0.15, 0.17415730337078653
505, 0.1588447653429603, 0.13333333333333333, 0.16853932584269662
506, 0.23826714801444043, 0.21666666666666667, 0.25842696629213485
507, 0.19855595667870035, 0.19444444444444445, 0.2247191011235955
508, 0.20216606498194944, 0.2, 0.24157303370786518
509, 0.19855595667870035, 0.19444444444444445, 0.2247191011235955
510, 0.1931407942238267, 0.18333333333333332, 0.2247191011235955
511, 0.19494584837545126, 0.17222222222222222, 0.21348314606741572
512, 0.16606498194945848, 0.13333333333333333, 0.17415730337078653
513, 0.20216606498194944, 0.17777777777777778, 0.2247191011235955
514, 0.17328519855595667, 0.16666666666666666, 0.1853932584269663
515, 0.15703971119133575, 0.12777777777777777, 0.16292134831460675
516, 0.17689530685920576, 0.16666666666666666, 0.19101123595505617
517, 0.15342960288808663, 0.12777777777777777, 0.16292134831460675
518, 0.19494584837545126, 0.18888888888888888, 0.2247191011235955
519, 0.1407942238267148, 0.11666666666666667, 0.1348314606741573
520, 0.17509025270758122, 0.17222222222222222, 0.19662921348314608
521, 0.23826714801444043, 0.21666666666666667, 0.25842696629213485
522, 0.18953068592057762, 0.18333333333333332, 0.21910112359550563
523, 0.2328519855595668, 0.21666666666666667, 0.25280898876404495
524, 0.21660649819494585, 0.2111111111111111, 0.24719101123595505
525, 0.22743682310469315, 0.2111111111111111, 0.24719101123595505
526, 0.20397111913357402, 0.20555555555555555, 0.2303370786516854
527, 0.17509025270758122, 0.17222222222222222, 0.20224719101123595
528, 0.20938628158844766, 0.20555555555555555, 0.24719101123595505
529, 0.24368231046931407, 0.21666666666666667, 0.2752808988764045
530, 0.17509025270758122, 0.17222222222222222, 0.1853932584269663
531, 0.19494584837545126, 0.18888888888888888, 0.2303370786516854
532, 0.22021660649819494, 0.2111111111111111, 0.24719101123595505
533, 0.19855595667870035, 0.2, 0.2303370786516854
534, 0.18231046931407943, 0.17777777777777778, 0.20786516853932585
535, 0.15703971119133575, 0.13333333333333333, 0.16853932584269662
536, 0.1552346570397112, 0.12777777777777777, 0.16292134831460675
537, 0.2364620938628159, 0.21666666666666667, 0.25842696629213485
538, 0.2111913357400722, 0.2111111111111111, 0.24719101123595505
539, 0.2509025270758123, 0.2111111111111111, 0.2640449438202247
540, 0.23465703971119134, 0.21666666666666667, 0.25280898876404495
541, 0.2490974729241877, 0.23333333333333334, 0.2640449438202247
542, 0.2148014440433213, 0.20555555555555555, 0.24157303370786518
543, 0.19494584837545126, 0.18333333333333332, 0.2303370786516854
544, 0.2563176895306859, 0.2222222222222222, 0.2696629213483146
545, 0.16064981949458484, 0.1388888888888889, 0.16853932584269662
546, 0.2184115523465704, 0.21666666666666667, 0.24719101123595505
547, 0.17509025270758122, 0.17222222222222222, 0.1853932584269663
548, 0.16064981949458484, 0.12777777777777777, 0.16853932584269662
549, 0.14620938628158844, 0.11666666666666667, 0.15168539325842698
550, 0.19494584837545126, 0.18888888888888888, 0.2247191011235955
551, 0.2003610108303249, 0.2, 0.23595505617977527
552, 0.15703971119133575, 0.1388888888888889, 0.16292134831460675
553, 0.24729241877256317, 0.21666666666666667, 0.2640449438202247
554, 0.24729241877256317, 0.21666666666666667, 0.2640449438202247
555, 0.2003610108303249, 0.18888888888888888, 0.2303370786516854
556, 0.2184115523465704, 0.2, 0.23595505617977527
557, 0.2328519855595668, 0.2222222222222222, 0.24157303370786518
558, 0.2328519855595668, 0.21666666666666667, 0.24719101123595505
559, 0.2292418772563177, 0.21666666666666667, 0.24719101123595505
560, 0.2527075812274368, 0.22777777777777777, 0.2696629213483146
561, 0.20216606498194944, 0.2, 0.2303370786516854
562, 0.2490974729241877, 0.2388888888888889, 0.2640449438202247
563, 0.23826714801444043, 0.21666666666666667, 0.25280898876404495
564, 0.2563176895306859, 0.21666666666666667, 0.2696629213483146
565, 0.2003610108303249, 0.18888888888888888, 0.23595505617977527
566, 0.22202166064981949, 0.2111111111111111, 0.24719101123595505
567, 0.22563176895306858, 0.2111111111111111, 0.24719101123595505
568, 0.22202166064981949, 0.2, 0.24157303370786518
569, 0.2545126353790614, 0.22777777777777777, 0.2640449438202247
570, 0.19855595667870035, 0.17777777777777778, 0.2303370786516854
571, 0.2328519855595668, 0.2, 0.24157303370786518
572, 0.24729241877256317, 0.21666666666666667, 0.2640449438202247
573, 0.2545126353790614, 0.21666666666666667, 0.2640449438202247
574, 0.20577617328519857, 0.2, 0.24157303370786518
575, 0.2545126353790614, 0.25, 0.2696629213483146
576, 0.24548736462093862, 0.21666666666666667, 0.2696629213483146
577, 0.19855595667870035, 0.17777777777777778, 0.21910112359550563
578, 0.18592057761732853, 0.16111111111111112, 0.19101123595505617
579, 0.24548736462093862, 0.21666666666666667, 0.25842696629213485
580, 0.15342960288808663, 0.12222222222222222, 0.15730337078651685
581, 0.2111913357400722, 0.2, 0.23595505617977527
582, 0.22563176895306858, 0.2111111111111111, 0.25280898876404495
583, 0.27617328519855594, 0.22777777777777777, 0.29213483146067415
584, 0.22202166064981949, 0.2, 0.24157303370786518
585, 0.26895306859205775, 0.25555555555555554, 0.2808988764044944
586, 0.20577617328519857, 0.18888888888888888, 0.2303370786516854
587, 0.2075812274368231, 0.2, 0.23595505617977527
588, 0.2364620938628159, 0.21666666666666667, 0.25280898876404495
589, 0.22743682310469315, 0.21666666666666667, 0.24719101123595505
590, 0.24187725631768953, 0.2222222222222222, 0.25280898876404495
591, 0.20577617328519857, 0.19444444444444445, 0.2303370786516854
592, 0.2581227436823105, 0.22777777777777777, 0.2752808988764045
593, 0.31227436823104693, 0.2833333333333333, 0.34269662921348315
594, 0.2111913357400722, 0.20555555555555555, 0.24157303370786518
595, 0.1967509025270758, 0.18333333333333332, 0.2247191011235955
596, 0.26353790613718414, 0.2222222222222222, 0.2752808988764045
597, 0.2003610108303249, 0.18888888888888888, 0.2247191011235955
598, 0.2563176895306859, 0.2222222222222222, 0.2696629213483146
599, 0.22202166064981949, 0.18888888888888888, 0.24719101123595505
600, 0.19494584837545126, 0.17777777777777778, 0.21910112359550563
601, 0.21299638989169675, 0.17222222222222222, 0.23595505617977527
602, 0.22202166064981949, 0.2, 0.24157303370786518
603, 0.22202166064981949, 0.19444444444444445, 0.23595505617977527
604, 0.2545126353790614, 0.2388888888888889, 0.2696629213483146
605, 0.19855595667870035, 0.17777777777777778, 0.21910112359550563
606, 0.22382671480144403, 0.2, 0.24719101123595505
607, 0.2490974729241877, 0.2, 0.2640449438202247
608, 0.2509025270758123, 0.2222222222222222, 0.2640449438202247
609, 0.2563176895306859, 0.21666666666666667, 0.2640449438202247
610, 0.1624548736462094, 0.1388888888888889, 0.16853932584269662
611, 0.18772563176895307, 0.17222222222222222, 0.19662921348314608
612, 0.22202166064981949, 0.20555555555555555, 0.24719101123595505
613, 0.3231046931407942, 0.2833333333333333, 0.34269662921348315
614, 0.2870036101083033, 0.24444444444444444, 0.30337078651685395
615, 0.26173285198555957, 0.21666666666666667, 0.2696629213483146
616, 0.2490974729241877, 0.2222222222222222, 0.24157303370786518
617, 0.21299638989169675, 0.18888888888888888, 0.23595505617977527
618, 0.2581227436823105, 0.21666666666666667, 0.2696629213483146
619, 0.24548736462093862, 0.21666666666666667, 0.25842696629213485
620, 0.23826714801444043, 0.2222222222222222, 0.24719101123595505
621, 0.22743682310469315, 0.2, 0.24719101123595505
622, 0.20577617328519857, 0.18888888888888888, 0.2303370786516854
623, 0.22563176895306858, 0.21666666666666667, 0.24719101123595505
624, 0.20938628158844766, 0.19444444444444445, 0.2303370786516854
625, 0.2075812274368231, 0.19444444444444445, 0.23595505617977527
626, 0.24007220216606498, 0.21666666666666667, 0.25280898876404495
627, 0.17509025270758122, 0.16666666666666666, 0.19662921348314608
628, 0.22743682310469315, 0.2, 0.24157303370786518
629, 0.22021660649819494, 0.19444444444444445, 0.24157303370786518
630, 0.27617328519855594, 0.22777777777777777, 0.2696629213483146
631, 0.20577617328519857, 0.18333333333333332, 0.2247191011235955
632, 0.27075812274368233, 0.23333333333333334, 0.2696629213483146
633, 0.21299638989169675, 0.2, 0.2303370786516854
634, 0.22743682310469315, 0.2111111111111111, 0.24157303370786518
635, 0.2815884476534296, 0.24444444444444444, 0.3146067415730337
636, 0.2292418772563177, 0.20555555555555555, 0.24157303370786518
637, 0.24548736462093862, 0.21666666666666667, 0.25280898876404495
638, 0.23104693140794225, 0.18888888888888888, 0.25842696629213485
639, 0.2184115523465704, 0.19444444444444445, 0.23595505617977527
640, 0.22021660649819494, 0.2, 0.23595505617977527
641, 0.2148014440433213, 0.2, 0.2303370786516854
642, 0.24729241877256317, 0.2222222222222222, 0.24719101123595505
643, 0.23826714801444043, 0.2, 0.25280898876404495
644, 0.2815884476534296, 0.2388888888888889, 0.29775280898876405
645, 0.259927797833935, 0.24444444444444444, 0.2640449438202247
646, 0.2545126353790614, 0.23333333333333334, 0.2752808988764045
647, 0.2527075812274368, 0.2222222222222222, 0.25280898876404495
648, 0.2490974729241877, 0.2222222222222222, 0.25842696629213485
649, 0.20577617328519857, 0.17777777777777778, 0.2247191011235955
650, 0.2888086642599278, 0.23333333333333334, 0.29775280898876405
651, 0.24187725631768953, 0.21666666666666667, 0.25280898876404495
652, 0.2111913357400722, 0.18888888888888888, 0.2303370786516854
653, 0.22563176895306858, 0.2, 0.23595505617977527
654, 0.2328519855595668, 0.18333333333333332, 0.25842696629213485
655, 0.26173285198555957, 0.22777777777777777, 0.25842696629213485
656, 0.2148014440433213, 0.2, 0.23595505617977527
657, 0.30685920577617326, 0.3, 0.30337078651685395
658, 0.26534296028880866, 0.2222222222222222, 0.2696629213483146
659, 0.2870036101083033, 0.22777777777777777, 0.29775280898876405
660, 0.22743682310469315, 0.17777777777777778, 0.25842696629213485
661, 0.30144404332129965, 0.2777777777777778, 0.30337078651685395
662, 0.3231046931407942, 0.28888888888888886, 0.3539325842696629
663, 0.2545126353790614, 0.2111111111111111, 0.25842696629213485
664, 0.23465703971119134, 0.19444444444444445, 0.24157303370786518
665, 0.2490974729241877, 0.2222222222222222, 0.25280898876404495
666, 0.2833935018050541, 0.25, 0.2696629213483146
667, 0.1967509025270758, 0.15555555555555556, 0.1853932584269663
668, 0.2743682310469314, 0.24444444444444444, 0.2808988764044944
669, 0.33574007220216606, 0.29444444444444445, 0.3595505617977528
670, 0.30324909747292417, 0.29444444444444445, 0.29775280898876405
671, 0.2779783393501805, 0.2388888888888889, 0.29775280898876405
672, 0.3104693140794224, 0.2833333333333333, 0.3089887640449438
673, 0.29422382671480146, 0.2611111111111111, 0.29213483146067415
674, 0.2779783393501805, 0.25, 0.2640449438202247
675, 0.2870036101083033, 0.26666666666666666, 0.2808988764044944
676, 0.23465703971119134, 0.2111111111111111, 0.24157303370786518
677, 0.2924187725631769, 0.25, 0.28651685393258425
678, 0.29783393501805056, 0.25, 0.30337078651685395
679, 0.33212996389891697, 0.32222222222222224, 0.38764044943820225
680, 0.3285198555956679, 0.3, 0.34269662921348315
681, 0.2779783393501805, 0.2388888888888889, 0.2640449438202247
682, 0.2779783393501805, 0.25555555555555554, 0.2640449438202247
683, 0.2996389891696751, 0.2611111111111111, 0.30337078651685395
684, 0.2581227436823105, 0.25, 0.2640449438202247
685, 0.26173285198555957, 0.2222222222222222, 0.2808988764044944
686, 0.29422382671480146, 0.26666666666666666, 0.29775280898876405
687, 0.2581227436823105, 0.22777777777777777, 0.2752808988764045
688, 0.26173285198555957, 0.22777777777777777, 0.2696629213483146
689, 0.33574007220216606, 0.3277777777777778, 0.34269662921348315
690, 0.27978339350180503, 0.24444444444444444, 0.2808988764044944
691, 0.3447653429602888, 0.32222222222222224, 0.3595505617977528
692, 0.3249097472924188, 0.3, 0.3707865168539326
693, 0.30685920577617326, 0.2611111111111111, 0.29775280898876405
694, 0.2924187725631769, 0.25555555555555554, 0.29213483146067415
695, 0.33212996389891697, 0.2833333333333333, 0.3258426966292135
696, 0.315884476534296, 0.28888888888888886, 0.3539325842696629
697, 0.34657039711191334, 0.31666666666666665, 0.37640449438202245
698, 0.30144404332129965, 0.2611111111111111, 0.29213483146067415
699, 0.3231046931407942, 0.2833333333333333, 0.33146067415730335
700, 0.37725631768953066, 0.35555555555555557, 0.38202247191011235
701, 0.30505415162454874, 0.28888888888888886, 0.3202247191011236
702, 0.30324909747292417, 0.25555555555555554, 0.30337078651685395
703, 0.29783393501805056, 0.2611111111111111, 0.2752808988764045
704, 0.30505415162454874, 0.2722222222222222, 0.3146067415730337
705, 0.30144404332129965, 0.28888888888888886, 0.3258426966292135
706, 0.388086642599278, 0.38333333333333336, 0.4157303370786517
707, 0.33754512635379064, 0.3111111111111111, 0.33146067415730335
708, 0.2870036101083033, 0.23333333333333334, 0.2696629213483146
709, 0.31227436823104693, 0.26666666666666666, 0.3089887640449438
710, 0.259927797833935, 0.2222222222222222, 0.2640449438202247
711, 0.33393501805054154, 0.2833333333333333, 0.33707865168539325
712, 0.30324909747292417, 0.26666666666666666, 0.30337078651685395
713, 0.3555956678700361, 0.32222222222222224, 0.3595505617977528
714, 0.3249097472924188, 0.2833333333333333, 0.34831460674157305
715, 0.3104693140794224, 0.2777777777777778, 0.3202247191011236
716, 0.30144404332129965, 0.2833333333333333, 0.29213483146067415
717, 0.3140794223826715, 0.2777777777777778, 0.3202247191011236
718, 0.3447653429602888, 0.3333333333333333, 0.34269662921348315
719, 0.31227436823104693, 0.2777777777777778, 0.29213483146067415
720, 0.3140794223826715, 0.28888888888888886, 0.3146067415730337
721, 0.37545126353790614, 0.35, 0.39325842696629215
722, 0.3212996389891697, 0.26666666666666666, 0.33146067415730335
723, 0.2815884476534296, 0.25555555555555554, 0.29775280898876405
724, 0.3176895306859206, 0.2833333333333333, 0.3258426966292135
725, 0.33212996389891697, 0.2777777777777778, 0.33707865168539325
726, 0.26353790613718414, 0.24444444444444444, 0.2696629213483146
727, 0.37545126353790614, 0.35, 0.38202247191011235
728, 0.3140794223826715, 0.24444444444444444, 0.3089887640449438
729, 0.3303249097472924, 0.2777777777777778, 0.3202247191011236
730, 0.2851985559566787, 0.26666666666666666, 0.3089887640449438
731, 0.33574007220216606, 0.2722222222222222, 0.3258426966292135
732, 0.3231046931407942, 0.26666666666666666, 0.3258426966292135
733, 0.351985559566787, 0.31666666666666665, 0.3595505617977528
734, 0.315884476534296, 0.2833333333333333, 0.30337078651685395
735, 0.2833935018050541, 0.25555555555555554, 0.2696629213483146
736, 0.2743682310469314, 0.2222222222222222, 0.29213483146067415
737, 0.3483754512635379, 0.3333333333333333, 0.37640449438202245
738, 0.2779783393501805, 0.23333333333333334, 0.29775280898876405
739, 0.24548736462093862, 0.2388888888888889, 0.3089887640449438
740, 0.26714801444043323, 0.22777777777777777, 0.2696629213483146
741, 0.24368231046931407, 0.2111111111111111, 0.25280898876404495
742, 0.29061371841155237, 0.24444444444444444, 0.2808988764044944
743, 0.2509025270758123, 0.2111111111111111, 0.24719101123595505
744, 0.2779783393501805, 0.24444444444444444, 0.29213483146067415
745, 0.29061371841155237, 0.24444444444444444, 0.28651685393258425
746, 0.2581227436823105, 0.22777777777777777, 0.2808988764044944
747, 0.35018050541516244, 0.29444444444444445, 0.3595505617977528
748, 0.3267148014440433, 0.28888888888888886, 0.3258426966292135
749, 0.3231046931407942, 0.2777777777777778, 0.33707865168539325
750, 0.3249097472924188, 0.28888888888888886, 0.34269662921348315
751, 0.3989169675090253, 0.3611111111111111, 0.4044943820224719
752, 0.33212996389891697, 0.28888888888888886, 0.3595505617977528
753, 0.36462093862815886, 0.3388888888888889, 0.398876404494382
754, 0.2815884476534296, 0.22777777777777777, 0.2696629213483146
755, 0.30866425992779783, 0.3, 0.34269662921348315
756, 0.2924187725631769, 0.2722222222222222, 0.3146067415730337
757, 0.351985559566787, 0.3111111111111111, 0.34269662921348315
758, 0.34115523465703973, 0.28888888888888886, 0.34269662921348315
759, 0.3176895306859206, 0.2722222222222222, 0.3089887640449438
760, 0.36462093862815886, 0.34444444444444444, 0.4044943820224719
761, 0.3483754512635379, 0.3055555555555556, 0.3539325842696629
762, 0.37725631768953066, 0.38333333333333336, 0.42134831460674155
763, 0.26173285198555957, 0.23333333333333334, 0.2808988764044944
764, 0.351985559566787, 0.3111111111111111, 0.34831460674157305
765, 0.37906137184115524, 0.37222222222222223, 0.38764044943820225
766, 0.3574007220216607, 0.32222222222222224, 0.3707865168539326
767, 0.37184115523465705, 0.37222222222222223, 0.4101123595505618
768, 0.3592057761732852, 0.3277777777777778, 0.3539325842696629
769, 0.36823104693140796, 0.34444444444444444, 0.3651685393258427
770, 0.35379061371841153, 0.28888888888888886, 0.3595505617977528
771, 0.30505415162454874, 0.2722222222222222, 0.3202247191011236
772, 0.34657039711191334, 0.3055555555555556, 0.34831460674157305
773, 0.34296028880866425, 0.3111111111111111, 0.34831460674157305
774, 0.43862815884476536, 0.4222222222222222, 0.4887640449438202
775, 0.38086642599277976, 0.35555555555555557, 0.42696629213483145
776, 0.3483754512635379, 0.32222222222222224, 0.37640449438202245
777, 0.3898916967509025, 0.37777777777777777, 0.4157303370786517
778, 0.37906137184115524, 0.35555555555555557, 0.4157303370786517
779, 0.37725631768953066, 0.3333333333333333, 0.39325842696629215
780, 0.3303249097472924, 0.2833333333333333, 0.3595505617977528
781, 0.3447653429602888, 0.3111111111111111, 0.3539325842696629
782, 0.37906137184115524, 0.3611111111111111, 0.42134831460674155
783, 0.3574007220216607, 0.3333333333333333, 0.398876404494382
784, 0.37725631768953066, 0.35555555555555557, 0.39325842696629215
785, 0.3555956678700361, 0.3055555555555556, 0.3707865168539326
786, 0.30685920577617326, 0.2611111111111111, 0.3089887640449438
787, 0.41155234657039713, 0.4, 0.42696629213483145
788, 0.3303249097472924, 0.2777777777777778, 0.33146067415730335
789, 0.36823104693140796, 0.3611111111111111, 0.4044943820224719
790, 0.35379061371841153, 0.32222222222222224, 0.38764044943820225
791, 0.38086642599277976, 0.37222222222222223, 0.42696629213483145
792, 0.34657039711191334, 0.3111111111111111, 0.3595505617977528
793, 0.4296028880866426, 0.4111111111111111, 0.4438202247191011
794, 0.38267148014440433, 0.3611111111111111, 0.39325842696629215
795, 0.4043321299638989, 0.3888888888888889, 0.42134831460674155
796, 0.4187725631768953, 0.4222222222222222, 0.43820224719101125
797, 0.351985559566787, 0.3055555555555556, 0.3258426966292135
798, 0.37545126353790614, 0.3388888888888889, 0.37640449438202245
799, 0.36101083032490977, 0.35555555555555557, 0.37640449438202245
800, 0.38267148014440433, 0.3388888888888889, 0.39325842696629215
801, 0.41155234657039713, 0.38333333333333336, 0.4101123595505618
802, 0.4314079422382672, 0.4111111111111111, 0.46629213483146065
803, 0.3664259927797834, 0.3388888888888889, 0.38764044943820225
804, 0.40613718411552346, 0.4, 0.43258426966292135
805, 0.43501805054151627, 0.42777777777777776, 0.48314606741573035
806, 0.3285198555956679, 0.29444444444444445, 0.34269662921348315
807, 0.3592057761732852, 0.31666666666666665, 0.3651685393258427
808, 0.37906137184115524, 0.34444444444444444, 0.38764044943820225
809, 0.44765342960288806, 0.45555555555555555, 0.46629213483146065
810, 0.42057761732851984, 0.3888888888888889, 0.449438202247191
811, 0.40974729241877256, 0.4, 0.4438202247191011
812, 0.37906137184115524, 0.35555555555555557, 0.4101123595505618
813, 0.42057761732851984, 0.3888888888888889, 0.42696629213483145
814, 0.37545126353790614, 0.36666666666666664, 0.4101123595505618
815, 0.44404332129963897, 0.37777777777777777, 0.449438202247191
816, 0.43862815884476536, 0.4111111111111111, 0.47752808988764045
817, 0.3953068592057762, 0.37222222222222223, 0.4438202247191011
818, 0.3483754512635379, 0.28888888888888886, 0.3539325842696629
819, 0.3971119133574007, 0.37222222222222223, 0.43258426966292135
820, 0.351985559566787, 0.3111111111111111, 0.3651685393258427
821, 0.3285198555956679, 0.3111111111111111, 0.3539325842696629
822, 0.4259927797833935, 0.4444444444444444, 0.4606741573033708
823, 0.34296028880866425, 0.29444444444444445, 0.3595505617977528
824, 0.38086642599277976, 0.3388888888888889, 0.398876404494382
825, 0.45126353790613716, 0.43333333333333335, 0.47191011235955055
826, 0.4296028880866426, 0.4166666666666667, 0.47191011235955055
827, 0.4332129963898917, 0.4111111111111111, 0.47752808988764045
828, 0.3862815884476534, 0.3888888888888889, 0.42134831460674155
829, 0.40613718411552346, 0.36666666666666664, 0.42696629213483145
830, 0.41696750902527074, 0.38333333333333336, 0.43258426966292135
831, 0.4296028880866426, 0.43333333333333335, 0.449438202247191
832, 0.36823104693140796, 0.3111111111111111, 0.38764044943820225
833, 0.36101083032490977, 0.31666666666666665, 0.37640449438202245
834, 0.38267148014440433, 0.35, 0.4157303370786517
835, 0.4043321299638989, 0.4166666666666667, 0.42696629213483145
836, 0.40252707581227437, 0.4, 0.42696629213483145
837, 0.3989169675090253, 0.37777777777777777, 0.42696629213483145
838, 0.43862815884476536, 0.4111111111111111, 0.46629213483146065
839, 0.4151624548736462, 0.40555555555555556, 0.43820224719101125
840, 0.4296028880866426, 0.4388888888888889, 0.4438202247191011
841, 0.40794223826714804, 0.4111111111111111, 0.42696629213483145
842, 0.4729241877256318, 0.46111111111111114, 0.47191011235955055
843, 0.36101083032490977, 0.3111111111111111, 0.38764044943820225
844, 0.44584837545126355, 0.4388888888888889, 0.4550561797752809
845, 0.40794223826714804, 0.4166666666666667, 0.43258426966292135
846, 0.45126353790613716, 0.40555555555555556, 0.46629213483146065
847, 0.47653429602888087, 0.46111111111111114, 0.4943820224719101
848, 0.44584837545126355, 0.4388888888888889, 0.4606741573033708
849, 0.45126353790613716, 0.45, 0.4606741573033708
850, 0.4404332129963899, 0.46111111111111114, 0.46629213483146065
851, 0.427797833935018, 0.4222222222222222, 0.46629213483146065
852, 0.4620938628158845, 0.46111111111111114, 0.46629213483146065
853, 0.44584837545126355, 0.45555555555555555, 0.4606741573033708
854, 0.40613718411552346, 0.37777777777777777, 0.43820224719101125
855, 0.36823104693140796, 0.29444444444444445, 0.3595505617977528
856, 0.45126353790613716, 0.42777777777777776, 0.47191011235955055
857, 0.44223826714801445, 0.4388888888888889, 0.449438202247191
858, 0.388086642599278, 0.39444444444444443, 0.4157303370786517
859, 0.4043321299638989, 0.39444444444444443, 0.43258426966292135
860, 0.36101083032490977, 0.3277777777777778, 0.37640449438202245
861, 0.4368231046931408, 0.4166666666666667, 0.43820224719101125
862, 0.4404332129963899, 0.43333333333333335, 0.449438202247191
863, 0.4259927797833935, 0.42777777777777776, 0.4606741573033708
864, 0.4314079422382672, 0.4111111111111111, 0.4606741573033708
865, 0.4693140794223827, 0.45555555555555555, 0.47752808988764045
866, 0.4566787003610108, 0.43333333333333335, 0.47191011235955055
867, 0.4675090252707581, 0.45, 0.4550561797752809
868, 0.44584837545126355, 0.4222222222222222, 0.4887640449438202
869, 0.37725631768953066, 0.3277777777777778, 0.38202247191011235
870, 0.427797833935018, 0.4222222222222222, 0.47752808988764045
871, 0.4223826714801444, 0.4222222222222222, 0.4438202247191011
872, 0.463898916967509, 0.45, 0.47191011235955055
873, 0.44223826714801445, 0.42777777777777776, 0.42696629213483145
874, 0.4332129963898917, 0.43333333333333335, 0.4606741573033708
875, 0.44404332129963897, 0.43333333333333335, 0.46629213483146065
876, 0.4368231046931408, 0.4166666666666667, 0.4550561797752809
877, 0.48375451263537905, 0.45555555555555555, 0.5224719101123596
878, 0.43501805054151627, 0.42777777777777776, 0.449438202247191
879, 0.41335740072202165, 0.37777777777777777, 0.4438202247191011
880, 0.4584837545126354, 0.4444444444444444, 0.46629213483146065
881, 0.44945848375451264, 0.43333333333333335, 0.46629213483146065
882, 0.48736462093862815, 0.43333333333333335, 0.5224719101123596
883, 0.4693140794223827, 0.43333333333333335, 0.48314606741573035
884, 0.4404332129963899, 0.43333333333333335, 0.4550561797752809
885, 0.5054151624548736, 0.4777777777777778, 0.550561797752809
886, 0.4602888086642599, 0.43333333333333335, 0.46629213483146065
887, 0.4620938628158845, 0.4388888888888889, 0.4550561797752809
888, 0.4657039711191336, 0.45, 0.4606741573033708
889, 0.4729241877256318, 0.45555555555555555, 0.46629213483146065
890, 0.41696750902527074, 0.4222222222222222, 0.46629213483146065
891, 0.5216606498194946, 0.4777777777777778, 0.550561797752809
892, 0.4747292418772563, 0.45555555555555555, 0.46629213483146065
893, 0.4223826714801444, 0.4, 0.4550561797752809
894, 0.44404332129963897, 0.4111111111111111, 0.4887640449438202
895, 0.4927797833935018, 0.4666666666666667, 0.5112359550561798
896, 0.4891696750902527, 0.45, 0.5393258426966292
897, 0.4693140794223827, 0.4222222222222222, 0.4943820224719101
898, 0.4259927797833935, 0.4222222222222222, 0.4550561797752809
899, 0.45306859205776173, 0.43333333333333335, 0.46629213483146065
900, 0.43501805054151627, 0.4, 0.46629213483146065
901, 0.48375451263537905, 0.43333333333333335, 0.5112359550561798
902, 0.5, 0.5055555555555555, 0.5168539325842697
903, 0.48375451263537905, 0.45555555555555555, 0.48314606741573035
904, 0.44223826714801445, 0.43333333333333335, 0.4438202247191011
905, 0.5216606498194946, 0.48333333333333334, 0.5337078651685393
906, 0.48736462093862815, 0.4666666666666667, 0.5112359550561798
907, 0.44584837545126355, 0.4222222222222222, 0.4943820224719101
908, 0.4747292418772563, 0.43333333333333335, 0.5
909, 0.5144404332129964, 0.4777777777777778, 0.5617977528089888
910, 0.47653429602888087, 0.4388888888888889, 0.4887640449438202
911, 0.47833935018050544, 0.43333333333333335, 0.5112359550561798
912, 0.4675090252707581, 0.43333333333333335, 0.47752808988764045
913, 0.4855595667870036, 0.46111111111111114, 0.5
914, 0.4729241877256318, 0.42777777777777776, 0.4943820224719101
915, 0.4891696750902527, 0.4722222222222222, 0.48314606741573035
916, 0.5036101083032491, 0.5111111111111111, 0.5056179775280899
917, 0.3971119133574007, 0.37777777777777777, 0.4101123595505618
918, 0.5018050541516246, 0.4666666666666667, 0.550561797752809
919, 0.5108303249097473, 0.4888888888888889, 0.5337078651685393
920, 0.4332129963898917, 0.42777777777777776, 0.43820224719101125
921, 0.4927797833935018, 0.4666666666666667, 0.5224719101123596
922, 0.49458483754512633, 0.4444444444444444, 0.5337078651685393
923, 0.47833935018050544, 0.45555555555555555, 0.4887640449438202
924, 0.4981949458483754, 0.46111111111111114, 0.5393258426966292
925, 0.4332129963898917, 0.38333333333333336, 0.47752808988764045
926, 0.4602888086642599, 0.4388888888888889, 0.47752808988764045
927, 0.5090252707581228, 0.46111111111111114, 0.5393258426966292
928, 0.45126353790613716, 0.4388888888888889, 0.47191011235955055
929, 0.4963898916967509, 0.4888888888888889, 0.4943820224719101
930, 0.49097472924187724, 0.45555555555555555, 0.5056179775280899
931, 0.40794223826714804, 0.4, 0.43258426966292135
932, 0.44584837545126355, 0.42777777777777776, 0.47191011235955055
933, 0.4693140794223827, 0.45, 0.4606741573033708
934, 0.463898916967509, 0.43333333333333335, 0.5
935, 0.5090252707581228, 0.4722222222222222, 0.5674157303370787
936, 0.5270758122743683, 0.5055555555555555, 0.5730337078651685
937, 0.4729241877256318, 0.43333333333333335, 0.5
938, 0.48194945848375453, 0.4444444444444444, 0.5056179775280899
939, 0.49097472924187724, 0.45555555555555555, 0.5
940, 0.5018050541516246, 0.4666666666666667, 0.5337078651685393
941, 0.5144404332129964, 0.4777777777777778, 0.5730337078651685
942, 0.48375451263537905, 0.4388888888888889, 0.5224719101123596
943, 0.463898916967509, 0.43333333333333335, 0.4943820224719101
944, 0.5108303249097473, 0.48333333333333334, 0.550561797752809
945, 0.49097472924187724, 0.48333333333333334, 0.48314606741573035
946, 0.48194945848375453, 0.45, 0.47191011235955055
947, 0.5072202166064982, 0.4722222222222222, 0.550561797752809
948, 0.49097472924187724, 0.4722222222222222, 0.5112359550561798
949, 0.4891696750902527, 0.45555555555555555, 0.5056179775280899
950, 0.4747292418772563, 0.45, 0.48314606741573035
951, 0.5054151624548736, 0.45, 0.5449438202247191
952, 0.42418772563176893, 0.42777777777777776, 0.42696629213483145
953, 0.49097472924187724, 0.46111111111111114, 0.5168539325842697
954, 0.49458483754512633, 0.46111111111111114, 0.5393258426966292
955, 0.4927797833935018, 0.45555555555555555, 0.5
956, 0.4675090252707581, 0.4444444444444444, 0.48314606741573035
957, 0.48736462093862815, 0.4444444444444444, 0.5280898876404494
958, 0.4891696750902527, 0.4222222222222222, 0.5168539325842697
959, 0.4891696750902527, 0.4444444444444444, 0.5056179775280899
960, 0.4963898916967509, 0.45, 0.5224719101123596
961, 0.5090252707581228, 0.4777777777777778, 0.550561797752809
962, 0.5126353790613718, 0.5111111111111111, 0.5056179775280899
963, 0.4657039711191336, 0.4222222222222222, 0.5
964, 0.5036101083032491, 0.4666666666666667, 0.5449438202247191
965, 0.4981949458483754, 0.46111111111111114, 0.5337078651685393
966, 0.5, 0.45555555555555555, 0.5280898876404494
967, 0.47833935018050544, 0.4444444444444444, 0.5224719101123596
968, 0.51985559566787, 0.5222222222222223, 0.5393258426966292
969, 0.5036101083032491, 0.4722222222222222, 0.5337078651685393
970, 0.48014440433212996, 0.4222222222222222, 0.5056179775280899
971, 0.5, 0.45, 0.550561797752809
972, 0.5072202166064982, 0.4666666666666667, 0.5337078651685393
973, 0.5, 0.4722222222222222, 0.5168539325842697
974, 0.5108303249097473, 0.46111111111111114, 0.5393258426966292
975, 0.49097472924187724, 0.46111111111111114, 0.5
976, 0.5126353790613718, 0.4777777777777778, 0.550561797752809
977, 0.516245487364621, 0.4777777777777778, 0.5449438202247191
978, 0.48375451263537905, 0.4444444444444444, 0.5168539325842697
979, 0.49458483754512633, 0.45, 0.550561797752809
980, 0.51985559566787, 0.4888888888888889, 0.550561797752809
981, 0.4657039711191336, 0.4222222222222222, 0.4887640449438202
982, 0.5216606498194946, 0.5166666666666667, 0.5730337078651685
983, 0.4963898916967509, 0.46111111111111114, 0.5112359550561798
984, 0.5288808664259927, 0.5055555555555555, 0.5898876404494382
985, 0.48736462093862815, 0.48333333333333334, 0.5056179775280899
986, 0.4927797833935018, 0.4666666666666667, 0.5056179775280899
987, 0.5144404332129964, 0.5055555555555555, 0.5393258426966292
988, 0.48014440433212996, 0.45, 0.48314606741573035
989, 0.48014440433212996, 0.4444444444444444, 0.5
990, 0.4855595667870036, 0.4444444444444444, 0.5337078651685393
991, 0.4548736462093863, 0.42777777777777776, 0.48314606741573035
992, 0.5126353790613718, 0.48333333333333334, 0.550561797752809
993, 0.516245487364621, 0.4777777777777778, 0.5224719101123596
994, 0.49097472924187724, 0.46111111111111114, 0.4943820224719101
995, 0.4891696750902527, 0.4388888888888889, 0.5280898876404494
996, 0.5090252707581228, 0.48333333333333334, 0.5617977528089888
997, 0.5072202166064982, 0.48333333333333334, 0.5561797752808989
998, 0.5126353790613718, 0.4722222222222222, 0.5393258426966292
999, 0.51985559566787, 0.49444444444444446, 0.5449438202247191
1000, 0.5108303249097473, 0.5, 0.5112359550561798
1001, 0.5108303249097473, 0.4722222222222222, 0.550561797752809
1002, 0.5144404332129964, 0.48333333333333334, 0.550561797752809
1003, 0.5144404332129964, 0.49444444444444446, 0.5730337078651685
1004, 0.5108303249097473, 0.4777777777777778, 0.5617977528089888
1005, 0.5090252707581228, 0.4888888888888889, 0.5449438202247191
1006, 0.5234657039711191, 0.5055555555555555, 0.5730337078651685
1007, 0.5234657039711191, 0.5166666666666667, 0.5561797752808989
1008, 0.5090252707581228, 0.45555555555555555, 0.5730337078651685
1009, 0.51985559566787, 0.49444444444444446, 0.5674157303370787
1010, 0.5018050541516246, 0.4888888888888889, 0.5280898876404494
1011, 0.5252707581227437, 0.4888888888888889, 0.5561797752808989
1012, 0.51985559566787, 0.48333333333333334, 0.550561797752809
1013, 0.5216606498194946, 0.5, 0.5617977528089888
1014, 0.5090252707581228, 0.46111111111111114, 0.5561797752808989
1015, 0.51985559566787, 0.5055555555555555, 0.5449438202247191
1016, 0.5433212996389891, 0.5111111111111111, 0.5730337078651685
1017, 0.51985559566787, 0.4777777777777778, 0.550561797752809
1018, 0.5180505415162455, 0.4777777777777778, 0.550561797752809
1019, 0.516245487364621, 0.49444444444444446, 0.5842696629213483
1020, 0.5216606498194946, 0.4888888888888889, 0.550561797752809
1021, 0.5180505415162455, 0.4777777777777778, 0.5730337078651685
1022, 0.5036101083032491, 0.46111111111111114, 0.5393258426966292
1023, 0.48375451263537905, 0.4444444444444444, 0.5224719101123596
1024, 0.5180505415162455, 0.5055555555555555, 0.5786516853932584
1025, 0.51985559566787, 0.49444444444444446, 0.5674157303370787
1026, 0.5054151624548736, 0.4777777777777778, 0.550561797752809
1027, 0.5054151624548736, 0.46111111111111114, 0.5224719101123596
1028, 0.5234657039711191, 0.5111111111111111, 0.5730337078651685
1029, 0.5072202166064982, 0.48333333333333334, 0.5337078651685393
1030, 0.5054151624548736, 0.45555555555555555, 0.5449438202247191
1031, 0.5180505415162455, 0.5, 0.5786516853932584
1032, 0.5180505415162455, 0.4722222222222222, 0.5561797752808989
1033, 0.5018050541516246, 0.45555555555555555, 0.5674157303370787
1034, 0.5054151624548736, 0.45, 0.5617977528089888
1035, 0.5144404332129964, 0.49444444444444446, 0.5617977528089888
1036, 0.516245487364621, 0.5055555555555555, 0.550561797752809
1037, 0.5108303249097473, 0.4666666666666667, 0.5730337078651685
1038, 0.516245487364621, 0.5, 0.550561797752809
1039, 0.4693140794223827, 0.43333333333333335, 0.5168539325842697
1040, 0.5036101083032491, 0.46111111111111114, 0.5449438202247191
1041, 0.4602888086642599, 0.4222222222222222, 0.5
1042, 0.5252707581227437, 0.5111111111111111, 0.5730337078651685
1043, 0.516245487364621, 0.49444444444444446, 0.550561797752809
1044, 0.5054151624548736, 0.4888888888888889, 0.5168539325842697
1045, 0.5324909747292419, 0.5055555555555555, 0.5730337078651685
1046, 0.5108303249097473, 0.4722222222222222, 0.5730337078651685
1047, 0.5216606498194946, 0.5277777777777778, 0.5674157303370787
1048, 0.5306859205776173, 0.5055555555555555, 0.5786516853932584
1049, 0.516245487364621, 0.48333333333333334, 0.5393258426966292
1050, 0.5, 0.45555555555555555, 0.5730337078651685
1051, 0.5126353790613718, 0.4888888888888889, 0.550561797752809
1052, 0.5216606498194946, 0.4888888888888889, 0.550561797752809
1053, 0.48736462093862815, 0.45, 0.5
1054, 0.5216606498194946, 0.4888888888888889, 0.5617977528089888
1055, 0.516245487364621, 0.5111111111111111, 0.5561797752808989
1056, 0.47653429602888087, 0.4444444444444444, 0.5
1057, 0.5324909747292419, 0.5166666666666667, 0.5898876404494382
1058, 0.5234657039711191, 0.4777777777777778, 0.5449438202247191
1059, 0.5144404332129964, 0.4888888888888889, 0.5393258426966292
1060, 0.51985559566787, 0.49444444444444446, 0.5617977528089888
1061, 0.516245487364621, 0.48333333333333334, 0.5561797752808989
1062, 0.5036101083032491, 0.48333333333333334, 0.5168539325842697
1063, 0.5126353790613718, 0.4722222222222222, 0.5674157303370787
1064, 0.51985559566787, 0.5, 0.5674157303370787
1065, 0.516245487364621, 0.4777777777777778, 0.5449438202247191
1066, 0.5234657039711191, 0.5, 0.5674157303370787
1067, 0.5324909747292419, 0.5277777777777778, 0.5674157303370787
1068, 0.5270758122743683, 0.5111111111111111, 0.5786516853932584
1069, 0.516245487364621, 0.49444444444444446, 0.5674157303370787
1070, 0.5306859205776173, 0.5166666666666667, 0.5898876404494382
1071, 0.5234657039711191, 0.4888888888888889, 0.5730337078651685
1072, 0.5324909747292419, 0.5111111111111111, 0.5898876404494382
1073, 0.49458483754512633, 0.45555555555555555, 0.550561797752809
1074, 0.516245487364621, 0.49444444444444446, 0.550561797752809
1075, 0.5361010830324909, 0.5222222222222223, 0.5674157303370787
1076, 0.5270758122743683, 0.5055555555555555, 0.5842696629213483
1077, 0.5397111913357401, 0.5222222222222223, 0.5786516853932584
1078, 0.5054151624548736, 0.45555555555555555, 0.5449438202247191
1079, 0.5361010830324909, 0.5444444444444444, 0.5674157303370787
1080, 0.5216606498194946, 0.5, 0.5674157303370787
1081, 0.47653429602888087, 0.43333333333333335, 0.5224719101123596
1082, 0.5072202166064982, 0.45555555555555555, 0.5112359550561798
1083, 0.5180505415162455, 0.5, 0.5674157303370787
1084, 0.5126353790613718, 0.49444444444444446, 0.5842696629213483
1085, 0.5361010830324909, 0.5166666666666667, 0.5617977528089888
1086, 0.5487364620938628, 0.5277777777777778, 0.601123595505618
1087, 0.48736462093862815, 0.4388888888888889, 0.5337078651685393
1088, 0.5144404332129964, 0.4777777777777778, 0.5337078651685393
1089, 0.49458483754512633, 0.4722222222222222, 0.5112359550561798
1090, 0.4675090252707581, 0.42777777777777776, 0.4943820224719101
1091, 0.45126353790613716, 0.4166666666666667, 0.5056179775280899
1092, 0.516245487364621, 0.4888888888888889, 0.550561797752809
1093, 0.5379061371841155, 0.5444444444444444, 0.5842696629213483
1094, 0.5324909747292419, 0.5111111111111111, 0.5842696629213483
1095, 0.5144404332129964, 0.4777777777777778, 0.550561797752809
1096, 0.5, 0.4777777777777778, 0.5224719101123596
1097, 0.5288808664259927, 0.5166666666666667, 0.5786516853932584
1098, 0.5361010830324909, 0.5111111111111111, 0.5898876404494382
1099, 0.5126353790613718, 0.4888888888888889, 0.550561797752809
1100, 0.516245487364621, 0.5166666666666667, 0.5561797752808989
1101, 0.5126353790613718, 0.4666666666666667, 0.5617977528089888
1102, 0.516245487364621, 0.4777777777777778, 0.5617977528089888
1103, 0.5108303249097473, 0.4777777777777778, 0.5393258426966292
1104, 0.5090252707581228, 0.45, 0.5617977528089888
1105, 0.5252707581227437, 0.5166666666666667, 0.550561797752809
1106, 0.516245487364621, 0.5, 0.550561797752809
1107, 0.5361010830324909, 0.5, 0.5898876404494382
1108, 0.51985559566787, 0.49444444444444446, 0.5617977528089888
1109, 0.5469314079422383, 0.5555555555555556, 0.5730337078651685
1110, 0.516245487364621, 0.4722222222222222, 0.5674157303370787
1111, 0.5108303249097473, 0.4888888888888889, 0.5730337078651685
1112, 0.5324909747292419, 0.5111111111111111, 0.5674157303370787
1113, 0.5361010830324909, 0.5111111111111111, 0.5842696629213483
1114, 0.5, 0.4722222222222222, 0.5224719101123596
1115, 0.5126353790613718, 0.4888888888888889, 0.5617977528089888
1116, 0.5397111913357401, 0.5166666666666667, 0.5842696629213483
1117, 0.5379061371841155, 0.5277777777777778, 0.5674157303370787
1118, 0.5361010830324909, 0.5055555555555555, 0.5842696629213483
1119, 0.5180505415162455, 0.4888888888888889, 0.5449438202247191
1120, 0.5361010830324909, 0.5055555555555555, 0.5786516853932584
1121, 0.5306859205776173, 0.5055555555555555, 0.5730337078651685
1122, 0.5379061371841155, 0.5222222222222223, 0.5898876404494382
1123, 0.5288808664259927, 0.49444444444444446, 0.5674157303370787
1124, 0.5306859205776173, 0.5222222222222223, 0.5730337078651685
1125, 0.5433212996389891, 0.5166666666666667, 0.5898876404494382
1126, 0.5379061371841155, 0.5222222222222223, 0.5730337078651685
1127, 0.5361010830324909, 0.5277777777777778, 0.5786516853932584
1128, 0.5487364620938628, 0.5444444444444444, 0.5674157303370787
1129, 0.51985559566787, 0.49444444444444446, 0.5842696629213483
1130, 0.5234657039711191, 0.5, 0.5786516853932584
1131, 0.5433212996389891, 0.5222222222222223, 0.5674157303370787
1132, 0.5270758122743683, 0.48333333333333334, 0.5561797752808989
1133, 0.5361010830324909, 0.5166666666666667, 0.5674157303370787
1134, 0.5342960288808665, 0.5111111111111111, 0.5730337078651685
1135, 0.5252707581227437, 0.5055555555555555, 0.5617977528089888
1136, 0.5469314079422383, 0.5222222222222223, 0.5730337078651685
1137, 0.4855595667870036, 0.4388888888888889, 0.5449438202247191
1138, 0.5397111913357401, 0.5111111111111111, 0.5898876404494382
1139, 0.51985559566787, 0.48333333333333334, 0.5786516853932584
1140, 0.5397111913357401, 0.5, 0.601123595505618
1141, 0.51985559566787, 0.5055555555555555, 0.5674157303370787
1142, 0.5397111913357401, 0.5444444444444444, 0.5786516853932584
1143, 0.5306859205776173, 0.5166666666666667, 0.5617977528089888
1144, 0.5234657039711191, 0.4888888888888889, 0.5730337078651685
1145, 0.5252707581227437, 0.48333333333333334, 0.5561797752808989
1146, 0.51985559566787, 0.48333333333333334, 0.5842696629213483
1147, 0.5415162454873647, 0.5166666666666667, 0.5955056179775281
1148, 0.5342960288808665, 0.49444444444444446, 0.5730337078651685
1149, 0.5433212996389891, 0.5222222222222223, 0.5955056179775281
1150, 0.5234657039711191, 0.5166666666666667, 0.5730337078651685
1151, 0.5324909747292419, 0.5, 0.5730337078651685
1152, 0.5216606498194946, 0.48333333333333334, 0.5786516853932584
1153, 0.5216606498194946, 0.4888888888888889, 0.5280898876404494
1154, 0.5379061371841155, 0.5055555555555555, 0.5842696629213483
1155, 0.5216606498194946, 0.4888888888888889, 0.5449438202247191
1156, 0.5487364620938628, 0.5055555555555555, 0.601123595505618
1157, 0.5270758122743683, 0.5055555555555555, 0.5842696629213483
1158, 0.5469314079422383, 0.5333333333333333, 0.5898876404494382
1159, 0.5324909747292419, 0.5055555555555555, 0.5730337078651685
1160, 0.5216606498194946, 0.4888888888888889, 0.550561797752809
1161, 0.5252707581227437, 0.4666666666666667, 0.5842696629213483
1162, 0.5415162454873647, 0.5166666666666667, 0.5786516853932584
1163, 0.5306859205776173, 0.5222222222222223, 0.5674157303370787
1164, 0.5216606498194946, 0.5, 0.5617977528089888
1165, 0.5415162454873647, 0.49444444444444446, 0.5842696629213483
1166, 0.5288808664259927, 0.4777777777777778, 0.5786516853932584
1167, 0.5415162454873647, 0.5111111111111111, 0.5674157303370787
1168, 0.51985559566787, 0.4888888888888889, 0.5561797752808989
1169, 0.5433212996389891, 0.55, 0.5674157303370787
1170, 0.5505415162454874, 0.55, 0.5786516853932584
1171, 0.5108303249097473, 0.4666666666666667, 0.5337078651685393
1172, 0.5216606498194946, 0.5, 0.5617977528089888
1173, 0.5270758122743683, 0.4888888888888889, 0.5842696629213483
1174, 0.49458483754512633, 0.45555555555555555, 0.5449438202247191
1175, 0.5451263537906137, 0.5166666666666667, 0.5898876404494382
1176, 0.5108303249097473, 0.4777777777777778, 0.5561797752808989
1177, 0.5361010830324909, 0.49444444444444446, 0.5898876404494382
1178, 0.5397111913357401, 0.5111111111111111, 0.5842696629213483
1179, 0.5234657039711191, 0.4888888888888889, 0.5674157303370787
1180, 0.5397111913357401, 0.5, 0.5786516853932584
1181, 0.5451263537906137, 0.5444444444444444, 0.5898876404494382
1182, 0.5216606498194946, 0.48333333333333334, 0.5617977528089888
1183, 0.5397111913357401, 0.5277777777777778, 0.5786516853932584
1184, 0.5234657039711191, 0.4777777777777778, 0.5955056179775281
1185, 0.5487364620938628, 0.5277777777777778, 0.5730337078651685
1186, 0.5523465703971119, 0.55, 0.5898876404494382
1187, 0.5577617328519856, 0.5166666666666667, 0.5730337078651685
1188, 0.5306859205776173, 0.49444444444444446, 0.5842696629213483
1189, 0.5361010830324909, 0.5111111111111111, 0.5955056179775281
1190, 0.5324909747292419, 0.5222222222222223, 0.5617977528089888
1191, 0.5415162454873647, 0.5111111111111111, 0.5898876404494382
1192, 0.5252707581227437, 0.49444444444444446, 0.5561797752808989
1193, 0.5342960288808665, 0.5111111111111111, 0.5955056179775281
1194, 0.5379061371841155, 0.5111111111111111, 0.5730337078651685
1195, 0.5451263537906137, 0.5111111111111111, 0.601123595505618
1196, 0.5505415162454874, 0.5444444444444444, 0.5955056179775281
1197, 0.5397111913357401, 0.5166666666666667, 0.5898876404494382
1198, 0.5433212996389891, 0.5166666666666667, 0.5955056179775281
1199, 0.5342960288808665, 0.5055555555555555, 0.5786516853932584
1200, 0.5595667870036101, 0.5277777777777778, 0.6067415730337079
1201, 0.5379061371841155, 0.5111111111111111, 0.5898876404494382
1202, 0.5379061371841155, 0.5, 0.5955056179775281
1203, 0.5252707581227437, 0.4888888888888889, 0.5674157303370787
1204, 0.5252707581227437, 0.4888888888888889, 0.5842696629213483
1205, 0.5379061371841155, 0.5277777777777778, 0.5674157303370787
1206, 0.5577617328519856, 0.5388888888888889, 0.5955056179775281
1207, 0.5324909747292419, 0.4722222222222222, 0.5730337078651685
1208, 0.5306859205776173, 0.49444444444444446, 0.5898876404494382
1209, 0.5451263537906137, 0.5111111111111111, 0.5898876404494382
1210, 0.5270758122743683, 0.4777777777777778, 0.5786516853932584
1211, 0.5324909747292419, 0.49444444444444446, 0.5842696629213483
1212, 0.5342960288808665, 0.5166666666666667, 0.5898876404494382
1213, 0.5126353790613718, 0.4722222222222222, 0.5393258426966292
1214, 0.5577617328519856, 0.5611111111111111, 0.5842696629213483
1215, 0.5685920577617328, 0.55, 0.5842696629213483
1216, 0.5379061371841155, 0.5111111111111111, 0.5898876404494382
1217, 0.5415162454873647, 0.5111111111111111, 0.5898876404494382
1218, 0.5397111913357401, 0.5277777777777778, 0.5842696629213483
1219, 0.5342960288808665, 0.5222222222222223, 0.5898876404494382
1220, 0.5361010830324909, 0.49444444444444446, 0.5955056179775281
1221, 0.5451263537906137, 0.5111111111111111, 0.5955056179775281
1222, 0.5523465703971119, 0.5166666666666667, 0.5955056179775281
1223, 0.5469314079422383, 0.5166666666666667, 0.601123595505618
1224, 0.5342960288808665, 0.5166666666666667, 0.5955056179775281
1225, 0.5306859205776173, 0.5, 0.5898876404494382
1226, 0.5469314079422383, 0.5222222222222223, 0.5898876404494382
1227, 0.5324909747292419, 0.4888888888888889, 0.5842696629213483
1228, 0.5252707581227437, 0.5166666666666667, 0.5674157303370787
1229, 0.5541516245487365, 0.5611111111111111, 0.5898876404494382
1230, 0.5577617328519856, 0.5555555555555556, 0.5898876404494382
1231, 0.5288808664259927, 0.49444444444444446, 0.5842696629213483
1232, 0.5469314079422383, 0.5166666666666667, 0.5955056179775281
1233, 0.5649819494584838, 0.5666666666666667, 0.5786516853932584
1234, 0.5342960288808665, 0.5111111111111111, 0.5898876404494382
1235, 0.5379061371841155, 0.5055555555555555, 0.6067415730337079
1236, 0.5379061371841155, 0.5277777777777778, 0.5898876404494382
1237, 0.5361010830324909, 0.5111111111111111, 0.5842696629213483
1238, 0.5433212996389891, 0.5111111111111111, 0.601123595505618
1239, 0.5451263537906137, 0.5277777777777778, 0.5786516853932584
1240, 0.5487364620938628, 0.5222222222222223, 0.601123595505618
1241, 0.5613718411552346, 0.5611111111111111, 0.5842696629213483
1242, 0.5541516245487365, 0.55, 0.5786516853932584
1243, 0.5415162454873647, 0.5388888888888889, 0.5730337078651685
1244, 0.5541516245487365, 0.55, 0.5898876404494382
1245, 0.5379061371841155, 0.48333333333333334, 0.601123595505618
1246, 0.5487364620938628, 0.5222222222222223, 0.5898876404494382
1247, 0.5613718411552346, 0.5555555555555556, 0.5898876404494382
1248, 0.5469314079422383, 0.5333333333333333, 0.5955056179775281
1249, 0.5397111913357401, 0.5388888888888889, 0.5842696629213483
1250, 0.5361010830324909, 0.5111111111111111, 0.5730337078651685
1251, 0.5252707581227437, 0.4888888888888889, 0.5674157303370787
1252, 0.5397111913357401, 0.5333333333333333, 0.5842696629213483
1253, 0.5324909747292419, 0.5, 0.5617977528089888
1254, 0.5505415162454874, 0.5222222222222223, 0.5955056179775281
1255, 0.5451263537906137, 0.5222222222222223, 0.5955056179775281
1256, 0.5505415162454874, 0.5111111111111111, 0.601123595505618
1257, 0.5379061371841155, 0.5055555555555555, 0.5955056179775281
1258, 0.5270758122743683, 0.49444444444444446, 0.5842696629213483
1259, 0.5487364620938628, 0.5277777777777778, 0.5898876404494382
1260, 0.5306859205776173, 0.5055555555555555, 0.5842696629213483
1261, 0.5342960288808665, 0.5, 0.5955056179775281
1262, 0.5397111913357401, 0.5388888888888889, 0.5898876404494382
1263, 0.555956678700361, 0.5444444444444444, 0.5898876404494382
1264, 0.5469314079422383, 0.5222222222222223, 0.5842696629213483
1265, 0.5523465703971119, 0.5333333333333333, 0.5898876404494382
1266, 0.5342960288808665, 0.5, 0.5842696629213483
1267, 0.5306859205776173, 0.4888888888888889, 0.5730337078651685
1268, 0.5397111913357401, 0.5055555555555555, 0.5898876404494382
1269, 0.5505415162454874, 0.5555555555555556, 0.5842696629213483
1270, 0.5397111913357401, 0.5611111111111111, 0.5842696629213483
1271, 0.5541516245487365, 0.5611111111111111, 0.5955056179775281
1272, 0.555956678700361, 0.5444444444444444, 0.5898876404494382
1273, 0.5018050541516246, 0.4444444444444444, 0.550561797752809
1274, 0.5541516245487365, 0.5277777777777778, 0.5955056179775281
1275, 0.5451263537906137, 0.5555555555555556, 0.5842696629213483
1276, 0.5595667870036101, 0.5388888888888889, 0.6123595505617978
1277, 0.5433212996389891, 0.5111111111111111, 0.5898876404494382
1278, 0.5270758122743683, 0.4888888888888889, 0.5730337078651685
1279, 0.5324909747292419, 0.49444444444444446, 0.5955056179775281
1280, 0.5288808664259927, 0.49444444444444446, 0.5842696629213483
1281, 0.5415162454873647, 0.5388888888888889, 0.5955056179775281
1282, 0.5523465703971119, 0.5333333333333333, 0.5898876404494382
1283, 0.5649819494584838, 0.55, 0.6067415730337079
1284, 0.5505415162454874, 0.5277777777777778, 0.601123595505618
1285, 0.5703971119133574, 0.5666666666666667, 0.5898876404494382
1286, 0.5306859205776173, 0.4888888888888889, 0.5898876404494382
1287, 0.5379061371841155, 0.5222222222222223, 0.5955056179775281
1288, 0.5415162454873647, 0.5166666666666667, 0.6123595505617978
1289, 0.5324909747292419, 0.5388888888888889, 0.5786516853932584
1290, 0.5541516245487365, 0.5444444444444444, 0.601123595505618
1291, 0.5324909747292419, 0.48333333333333334, 0.5842696629213483
1292, 0.5342960288808665, 0.5166666666666667, 0.5955056179775281
1293, 0.5451263537906137, 0.5666666666666667, 0.5786516853932584
1294, 0.555956678700361, 0.5388888888888889, 0.5955056179775281
1295, 0.5523465703971119, 0.5666666666666667, 0.5898876404494382
1296, 0.5252707581227437, 0.4722222222222222, 0.5898876404494382
1297, 0.5505415162454874, 0.5166666666666667, 0.5955056179775281
1298, 0.5487364620938628, 0.5166666666666667, 0.601123595505618
1299, 0.5397111913357401, 0.5166666666666667, 0.5955056179775281
1300, 0.5487364620938628, 0.5166666666666667, 0.601123595505618
1301, 0.5342960288808665, 0.48333333333333334, 0.601123595505618
1302, 0.5487364620938628, 0.5388888888888889, 0.5955056179775281
1303, 0.5577617328519856, 0.55, 0.5730337078651685
1304, 0.5415162454873647, 0.5222222222222223, 0.5786516853932584
1305, 0.5415162454873647, 0.5111111111111111, 0.5730337078651685
1306, 0.5523465703971119, 0.5444444444444444, 0.5842696629213483
1307, 0.5361010830324909, 0.48333333333333334, 0.5898876404494382
1308, 0.5487364620938628, 0.5444444444444444, 0.5786516853932584
1309, 0.5397111913357401, 0.5166666666666667, 0.5955056179775281
1310, 0.516245487364621, 0.48333333333333334, 0.5786516853932584
1311, 0.5433212996389891, 0.5444444444444444, 0.5786516853932584
1312, 0.5505415162454874, 0.5388888888888889, 0.5898876404494382
1313, 0.5595667870036101, 0.5666666666666667, 0.5898876404494382
1314, 0.5776173285198556, 0.5722222222222222, 0.601123595505618
1315, 0.5487364620938628, 0.5277777777777778, 0.601123595505618
1316, 0.5342960288808665, 0.4888888888888889, 0.601123595505618
1317, 0.5397111913357401, 0.5333333333333333, 0.5730337078651685
1318, 0.5379061371841155, 0.4888888888888889, 0.6067415730337079
1319, 0.5379061371841155, 0.5055555555555555, 0.5898876404494382
1320, 0.5487364620938628, 0.5, 0.6067415730337079
1321, 0.5487364620938628, 0.5222222222222223, 0.5955056179775281
1322, 0.5451263537906137, 0.5166666666666667, 0.5955056179775281
1323, 0.5577617328519856, 0.55, 0.5898876404494382
1324, 0.5379061371841155, 0.5166666666666667, 0.5955056179775281
1325, 0.5433212996389891, 0.5111111111111111, 0.5955056179775281
1326, 0.5415162454873647, 0.5166666666666667, 0.601123595505618
1327, 0.5342960288808665, 0.48333333333333334, 0.6067415730337079
1328, 0.5415162454873647, 0.5055555555555555, 0.5674157303370787
1329, 0.5451263537906137, 0.5166666666666667, 0.601123595505618
1330, 0.5397111913357401, 0.5111111111111111, 0.5955056179775281
1331, 0.5270758122743683, 0.49444444444444446, 0.5842696629213483
1332, 0.5379061371841155, 0.5111111111111111, 0.601123595505618
1333, 0.5631768953068592, 0.5555555555555556, 0.5674157303370787
1334, 0.5342960288808665, 0.5055555555555555, 0.5898876404494382
1335, 0.5433212996389891, 0.5388888888888889, 0.5786516853932584
1336, 0.5397111913357401, 0.5166666666666667, 0.5898876404494382
1337, 0.5469314079422383, 0.5166666666666667, 0.5842696629213483
1338, 0.5451263537906137, 0.5166666666666667, 0.6067415730337079
1339, 0.5451263537906137, 0.5222222222222223, 0.5955056179775281
1340, 0.5469314079422383, 0.5166666666666667, 0.6067415730337079
1341, 0.5631768953068592, 0.5666666666666667, 0.5842696629213483
1342, 0.5649819494584838, 0.5611111111111111, 0.5786516853932584
1343, 0.5505415162454874, 0.5388888888888889, 0.5730337078651685
1344, 0.5487364620938628, 0.5444444444444444, 0.5955056179775281
1345, 0.5505415162454874, 0.5111111111111111, 0.5955056179775281
1346, 0.5577617328519856, 0.5277777777777778, 0.601123595505618
1347, 0.5505415162454874, 0.5111111111111111, 0.6067415730337079
1348, 0.5342960288808665, 0.5111111111111111, 0.5786516853932584
1349, 0.5487364620938628, 0.5055555555555555, 0.6067415730337079
1350, 0.5523465703971119, 0.5166666666666667, 0.601123595505618
1351, 0.5451263537906137, 0.5333333333333333, 0.5955056179775281
1352, 0.5631768953068592, 0.5444444444444444, 0.6067415730337079
1353, 0.5613718411552346, 0.5555555555555556, 0.601123595505618
1354, 0.5487364620938628, 0.5111111111111111, 0.6067415730337079
1355, 0.5613718411552346, 0.5444444444444444, 0.6067415730337079
1356, 0.5415162454873647, 0.4888888888888889, 0.5955056179775281
1357, 0.5505415162454874, 0.5222222222222223, 0.6067415730337079
1358, 0.5469314079422383, 0.5222222222222223, 0.5955056179775281
1359, 0.5361010830324909, 0.5, 0.5842696629213483
1360, 0.5216606498194946, 0.5111111111111111, 0.5898876404494382
1361, 0.5433212996389891, 0.5388888888888889, 0.5730337078651685
1362, 0.5469314079422383, 0.5111111111111111, 0.5955056179775281
1363, 0.5667870036101083, 0.5722222222222222, 0.601123595505618
1364, 0.555956678700361, 0.5444444444444444, 0.601123595505618
1365, 0.5361010830324909, 0.5166666666666667, 0.5674157303370787
1366, 0.5469314079422383, 0.5166666666666667, 0.6067415730337079
1367, 0.5541516245487365, 0.5333333333333333, 0.5955056179775281
1368, 0.5523465703971119, 0.5444444444444444, 0.5730337078651685
1369, 0.5451263537906137, 0.5166666666666667, 0.5955056179775281
1370, 0.5397111913357401, 0.5111111111111111, 0.5842696629213483
1371, 0.5631768953068592, 0.5555555555555556, 0.601123595505618
1372, 0.5126353790613718, 0.4888888888888889, 0.5617977528089888
1373, 0.555956678700361, 0.5277777777777778, 0.601123595505618
1374, 0.555956678700361, 0.5444444444444444, 0.601123595505618
1375, 0.5415162454873647, 0.5, 0.5898876404494382
1376, 0.5703971119133574, 0.5666666666666667, 0.601123595505618
1377, 0.5505415162454874, 0.5444444444444444, 0.5898876404494382
1378, 0.5487364620938628, 0.5277777777777778, 0.5842696629213483
1379, 0.5397111913357401, 0.5055555555555555, 0.6067415730337079
1380, 0.555956678700361, 0.5277777777777778, 0.6067415730337079
1381, 0.5523465703971119, 0.5444444444444444, 0.5898876404494382
1382, 0.5595667870036101, 0.5333333333333333, 0.5898876404494382
1383, 0.5469314079422383, 0.5222222222222223, 0.5955056179775281
1384, 0.5595667870036101, 0.55, 0.5955056179775281
1385, 0.5324909747292419, 0.4888888888888889, 0.5955056179775281
1386, 0.5415162454873647, 0.5111111111111111, 0.601123595505618
1387, 0.5577617328519856, 0.5277777777777778, 0.6067415730337079
1388, 0.5288808664259927, 0.5, 0.5730337078651685
1389, 0.5595667870036101, 0.5555555555555556, 0.6067415730337079
1390, 0.5487364620938628, 0.5166666666666667, 0.6067415730337079
1391, 0.5703971119133574, 0.5777777777777777, 0.5842696629213483
1392, 0.5505415162454874, 0.5333333333333333, 0.5955056179775281
1393, 0.5541516245487365, 0.5611111111111111, 0.5898876404494382
1394, 0.5397111913357401, 0.5333333333333333, 0.5842696629213483
1395, 0.5577617328519856, 0.5388888888888889, 0.6067415730337079
1396, 0.5397111913357401, 0.5055555555555555, 0.5842696629213483
1397, 0.5433212996389891, 0.5444444444444444, 0.5842696629213483
1398, 0.555956678700361, 0.5555555555555556, 0.5898876404494382
1399, 0.5433212996389891, 0.5388888888888889, 0.5898876404494382
1400, 0.555956678700361, 0.5277777777777778, 0.6067415730337079
1401, 0.5415162454873647, 0.4888888888888889, 0.6067415730337079
1402, 0.5667870036101083, 0.5388888888888889, 0.6123595505617978
1403, 0.5306859205776173, 0.5055555555555555, 0.5955056179775281
1404, 0.5523465703971119, 0.5166666666666667, 0.6067415730337079
1405, 0.5577617328519856, 0.5611111111111111, 0.5898876404494382
1406, 0.5505415162454874, 0.5166666666666667, 0.601123595505618
1407, 0.5469314079422383, 0.5388888888888889, 0.5955056179775281
1408, 0.5613718411552346, 0.5444444444444444, 0.601123595505618
1409, 0.5415162454873647, 0.5222222222222223, 0.5955056179775281
1410, 0.5667870036101083, 0.5555555555555556, 0.6067415730337079
1411, 0.5469314079422383, 0.55, 0.5786516853932584
1412, 0.51985559566787, 0.4777777777777778, 0.5393258426966292
1413, 0.5541516245487365, 0.5444444444444444, 0.5842696629213483
1414, 0.5469314079422383, 0.5388888888888889, 0.5955056179775281
1415, 0.555956678700361, 0.5444444444444444, 0.5898876404494382
1416, 0.5631768953068592, 0.5555555555555556, 0.6067415730337079
1417, 0.572202166064982, 0.5333333333333333, 0.601123595505618
1418, 0.5324909747292419, 0.5055555555555555, 0.601123595505618
1419, 0.5505415162454874, 0.5222222222222223, 0.6067415730337079
1420, 0.575812274368231, 0.5444444444444444, 0.601123595505618
1421, 0.555956678700361, 0.5277777777777778, 0.5898876404494382
1422, 0.5667870036101083, 0.5611111111111111, 0.6067415730337079
1423, 0.5433212996389891, 0.5444444444444444, 0.5898876404494382
1424, 0.5667870036101083, 0.5277777777777778, 0.5842696629213483
1425, 0.5667870036101083, 0.5555555555555556, 0.601123595505618
1426, 0.5487364620938628, 0.5166666666666667, 0.5955056179775281
1427, 0.5361010830324909, 0.5111111111111111, 0.5955056179775281
1428, 0.5252707581227437, 0.4888888888888889, 0.5842696629213483
1429, 0.5577617328519856, 0.5611111111111111, 0.5898876404494382
1430, 0.5379061371841155, 0.5166666666666667, 0.5955056179775281
1431, 0.5613718411552346, 0.5666666666666667, 0.5955056179775281
1432, 0.5433212996389891, 0.5111111111111111, 0.6067415730337079
1433, 0.5487364620938628, 0.5444444444444444, 0.5955056179775281
1434, 0.5523465703971119, 0.5333333333333333, 0.5786516853932584
1435, 0.555956678700361, 0.5333333333333333, 0.601123595505618
1436, 0.5397111913357401, 0.5166666666666667, 0.601123595505618
1437, 0.5487364620938628, 0.5444444444444444, 0.5898876404494382
1438, 0.5361010830324909, 0.5055555555555555, 0.6067415730337079
1439, 0.5541516245487365, 0.5388888888888889, 0.601123595505618
1440, 0.5649819494584838, 0.5611111111111111, 0.5786516853932584
1441, 0.5523465703971119, 0.55, 0.5842696629213483
1442, 0.5505415162454874, 0.5111111111111111, 0.6067415730337079
1443, 0.5451263537906137, 0.5111111111111111, 0.6067415730337079
1444, 0.5541516245487365, 0.5555555555555556, 0.5786516853932584
1445, 0.5361010830324909, 0.49444444444444446, 0.601123595505618
1446, 0.5703971119133574, 0.5611111111111111, 0.601123595505618
1447, 0.5415162454873647, 0.55, 0.5842696629213483
1448, 0.5433212996389891, 0.5, 0.601123595505618
1449, 0.5595667870036101, 0.5166666666666667, 0.6067415730337079
1450, 0.5180505415162455, 0.5111111111111111, 0.550561797752809
1451, 0.5613718411552346, 0.5722222222222222, 0.5898876404494382
1452, 0.5649819494584838, 0.5611111111111111, 0.5898876404494382
1453, 0.5306859205776173, 0.5222222222222223, 0.5786516853932584
1454, 0.5505415162454874, 0.5277777777777778, 0.5955056179775281
1455, 0.555956678700361, 0.5222222222222223, 0.5955056179775281
1456, 0.5631768953068592, 0.5611111111111111, 0.5898876404494382
1457, 0.5541516245487365, 0.5333333333333333, 0.601123595505618
