#Units: 10, rate: 0.5, dropout: 1.0, weight_decay: 0.0, momentum: 0.0
#if (k == 200) network.rate = 0.1;
0, 0.19720678560982743, 0.15331300249514832, 0.2591130717436731, 0.2591130717436731
1, 0.19720678560982743, 0.15331300249514832, 0.2591130717436731, 0.2591130717436731
2, 0.19720678560982743, 0.15331300249514832, 0.2591130717436731, 0.2591130717436731
3, 0.19720678560982743, 0.15331300249514832, 0.2591130717436731, 0.2591130717436731
4, 0.19720678560982743, 0.15331300249514832, 0.2591130717436731, 0.2591130717436731
5, 0.19720678560982743, 0.15331300249514832, 0.2591130717436731, 0.2591130717436731
6, 0.19720678560982743, 0.15331300249514832, 0.2591130717436731, 0.2591130717436731
7, 0.19720678560982743, 0.15331300249514832, 0.2591130717436731, 0.2591130717436731
8, 0.19720678560982743, 0.15331300249514832, 0.2591130717436731, 0.2591130717436731
9, 0.19720678560982743, 0.15331300249514832, 0.2591130717436731, 0.2591130717436731
10, 0.19720678560982743, 0.15331300249514832, 0.2591130717436731, 0.2591130717436731
11, 0.19720678560982743, 0.15331300249514832, 0.2591130717436731, 0.2591130717436731
12, 0.19720678560982743, 0.15331300249514832, 0.2591130717436731, 0.2591130717436731
13, 0.19720678560982743, 0.15331300249514832, 0.2591130717436731, 0.2591130717436731
14, 0.19720678560982743, 0.15331300249514832, 0.2591130717436731, 0.2591130717436731
15, 0.44018718923661887, 0.39728306071527586, 0.5226375667517994, 0.5226375667517994
16, 0.48362094179584675, 0.4177987247019684, 0.5530531692593452, 0.5530531692593452
17, 0.4967095642000585, 0.4352647629609093, 0.5623403761318784, 0.5623403761318784
18, 0.5172565077508043, 0.4588300526753535, 0.5790573485024378, 0.5790573485024378
19, 0.5176952325241299, 0.46243415580815084, 0.5820756907360112, 0.5820756907360112
20, 0.5182801988885639, 0.46187967840310507, 0.5834687717668912, 0.5834687717668912
21, 0.5133079847908745, 0.45217632381480455, 0.572788483863478, 0.5834687717668912
22, 0.5156478502486107, 0.45189908511228166, 0.5718597631762248, 0.5834687717668912
23, 0.5141854343375256, 0.4488494593845301, 0.572091943348038, 0.5834687717668912
24, 0.5168177829774788, 0.44690878846687, 0.5737172045507314, 0.5834687717668912
25, 0.5177683533196841, 0.4482949819794843, 0.5767355467843046, 0.5834687717668912
26, 0.5206931851418544, 0.44912669808705297, 0.5753424657534246, 0.5834687717668912
27, 0.5210587891196257, 0.44690878846687, 0.575574645925238, 0.5834687717668912
28, 0.5213512723018426, 0.4460770723593014, 0.5751102855816114, 0.5834687717668912
29, 0.5210587891196257, 0.4466315497643471, 0.5758068260970514, 0.5834687717668912
30, 0.5202544603685288, 0.444690878846687, 0.5730206640352914, 0.5834687717668912
31, 0.5190114068441065, 0.444690878846687, 0.572091943348038, 0.5834687717668912
32, 0.5195963732085405, 0.4457998336567785, 0.5723241235198514, 0.5834687717668912
33, 0.5212781515062884, 0.4488494593845301, 0.5732528442071048, 0.5834687717668912
34, 0.5214975138929512, 0.44912669808705297, 0.5730206640352914, 0.5834687717668912
35, 0.5207663059374086, 0.44912669808705297, 0.5716275830044114, 0.5834687717668912
36, 0.5215706346885054, 0.4474632658719157, 0.572091943348038, 0.5834687717668912
37, 0.5231061713951448, 0.4482949819794843, 0.5711632226607848, 0.5834687717668912
38, 0.5226674466218193, 0.44690878846687, 0.5718597631762248, 0.5834687717668912
39, 0.5213512723018426, 0.4452453562517327, 0.5704666821453448, 0.5834687717668912
40, 0.5195963732085405, 0.44247296922650403, 0.5681448804272116, 0.5834687717668912
41, 0.5187920444574436, 0.43914610479622956, 0.5667517993963316, 0.5834687717668912
42, 0.5184995612752267, 0.4369281951760466, 0.5665196192245182, 0.5834687717668912
43, 0.5182070780930097, 0.43831438868866096, 0.5674483399117716, 0.5834687717668912
44, 0.5141123135419713, 0.4347102855558636, 0.5637334571627584, 0.5834687717668912
45, 0.5112606025153553, 0.43221513723315774, 0.5604829347573718, 0.5834687717668912
46, 0.5065077508043287, 0.42722484058774607, 0.5579289528674252, 0.5834687717668912
47, 0.5030710734132787, 0.42999722761297476, 0.5602507545855584, 0.5834687717668912
48, 0.49400409476455104, 0.4252841696700859, 0.5579289528674252, 0.5834687717668912
49, 0.4431120210587891, 0.3845300803992237, 0.515904341769213, 0.5834687717668912
50, 0.41569172272594324, 0.3559744940393679, 0.4824703970280938, 0.5834687717668912
51, 0.40201813395729746, 0.34155808150817857, 0.4703970280938008, 0.5834687717668912
52, 0.39638783269961975, 0.33462711394510675, 0.462735082423961, 0.5834687717668912
53, 0.3955103831529687, 0.3313002495148323, 0.460645460877641, 0.5834687717668912
54, 0.39441357121965487, 0.3301912947047408, 0.4604132807058277, 0.5834687717668912
55, 0.39441357121965487, 0.329636817299695, 0.4597167401903877, 0.5834687717668912
56, 0.3946329336063176, 0.3290823398946493, 0.4580914789876945, 0.5834687717668912
57, 0.3956566247440772, 0.3288051011921264, 0.4560018574413745, 0.5834687717668912
58, 0.3960222287218485, 0.3279733850845578, 0.4578592988158811, 0.5834687717668912
59, 0.39543726235741444, 0.32658719157194344, 0.4569305781286278, 0.5834687717668912
60, 0.39280491371746123, 0.32630995286942055, 0.4553053169259345, 0.5834687717668912
61, 0.39134249780637614, 0.3268644302744663, 0.4520547945205479, 0.5834687717668912
62, 0.3893682363264112, 0.3260327141668977, 0.4504295333178547, 0.5834687717668912
63, 0.38871014916642294, 0.32492375935680623, 0.4495008126306013, 0.5834687717668912
64, 0.3894413571219655, 0.32464652065428334, 0.4488042721151614, 0.5834687717668912
65, 0.38966071950862824, 0.32381480454671474, 0.4483399117715347, 0.5834687717668912
66, 0.3898069610997368, 0.32436928195176046, 0.4488042721151614, 0.5834687717668912
67, 0.3905381690552793, 0.32464652065428334, 0.4497329928024147, 0.5834687717668912
68, 0.38995320269084527, 0.32381480454671474, 0.4504295333178547, 0.5834687717668912
69, 0.3897338403041825, 0.3229830884391461, 0.4529835152078013, 0.5834687717668912
70, 0.3907575314419421, 0.32464652065428334, 0.4539122358950546, 0.5834687717668912
71, 0.3917081017841474, 0.32520099805932906, 0.4534478755514279, 0.5834687717668912
72, 0.3919274641708102, 0.32658719157194344, 0.4534478755514279, 0.5834687717668912
73, 0.3912693770108219, 0.32436928195176046, 0.4522869746923613, 0.5834687717668912
74, 0.3910500146241591, 0.32326032714166897, 0.4501973531460413, 0.5834687717668912
75, 0.3936823632641123, 0.32575547546437483, 0.4497329928024147, 0.5834687717668912
76, 0.3897338403041825, 0.32630995286942055, 0.4418388669607616, 0.5834687717668912
77, 0.3894413571219655, 0.32492375935680623, 0.4399814255862549, 0.5834687717668912
78, 0.3937554840596666, 0.32741890767951204, 0.4453215695379615, 0.5834687717668912
79, 0.40435799941503364, 0.33351815913501526, 0.4529835152078013, 0.5834687717668912
80, 0.41284001169932727, 0.3407263654006099, 0.462735082423961, 0.5834687717668912
81, 0.4230038022813688, 0.3507069586914333, 0.4710935686092408, 0.5834687717668912
82, 0.4273910500146242, 0.35458830052675355, 0.4752728117018807, 0.5834687717668912
83, 0.42870722433460073, 0.35542001663432216, 0.4743440910146274, 0.5834687717668912
84, 0.4292921906990348, 0.3540338231217078, 0.4727188298119341, 0.5834687717668912
85, 0.4292921906990348, 0.3526476296090934, 0.4738797306710007, 0.5834687717668912
86, 0.43133957297455394, 0.3529248683116163, 0.474808451358254, 0.5834687717668912
87, 0.43382568002339866, 0.35708344884945936, 0.4768980729045739, 0.5834687717668912
88, 0.438505410938871, 0.3598558358746881, 0.4815416763408405, 0.5834687717668912
89, 0.4431120210587891, 0.36345993900748547, 0.4859530996052937, 0.5834687717668912
90, 0.44640245685873065, 0.36456889381757696, 0.4880427211516137, 0.5834687717668912
91, 0.4496928926586721, 0.3651233712226227, 0.4899001625261203, 0.5834687717668912
92, 0.4517402749341913, 0.36678680343775993, 0.4912932435570002, 0.5834687717668912
93, 0.4533489324363849, 0.37039090657055723, 0.4931506849315068, 0.5834687717668912
94, 0.45364141561860194, 0.36955919046298863, 0.4924541444160669, 0.5834687717668912
95, 0.45364141561860194, 0.36845023565289714, 0.4933828651033202, 0.5834687717668912
96, 0.45393389880081897, 0.3701136678680344, 0.4938472254469468, 0.5834687717668912
97, 0.45444574436969876, 0.37039090657055723, 0.4940794056187602, 0.5834687717668912
98, 0.45459198596080724, 0.3712226226781259, 0.4938472254469468, 0.5834687717668912
99, 0.454226381983036, 0.3726088161907402, 0.4933828651033202, 0.5834687717668912
100, 0.45590816028078385, 0.3759356806210147, 0.4950081263060135, 0.5834687717668912
101, 0.45890611289850836, 0.37649015802606045, 0.4977942883677734, 0.5834687717668912
102, 0.4628546358584381, 0.37953978375381203, 0.50313443231948, 0.5834687717668912
103, 0.4658525884761626, 0.3831438868866094, 0.5066171348966798, 0.5834687717668912
104, 0.46972799064053816, 0.3856390352093152, 0.5077780357557464, 0.5834687717668912
105, 0.4753582918982159, 0.39118380925977264, 0.5147434409101462, 0.5834687717668912
106, 0.49839134249780637, 0.41225395065151094, 0.5340143951706524, 0.5834687717668912
107, 0.5127230184264405, 0.4266703631827003, 0.547248664964012, 0.5834687717668912
108, 0.5221556010529395, 0.4336013307457721, 0.549338286510332, 0.5834687717668912
109, 0.5228868090084821, 0.4336013307457721, 0.5467843046203854, 0.5834687717668912
110, 0.5216437554840596, 0.43249237593568063, 0.5437659623868122, 0.5834687717668912
111, 0.5147704007019597, 0.4247296922650402, 0.5433016020431856, 0.5834687717668912
112, 0.5141854343375256, 0.4258386470751317, 0.5451590434176922, 0.5834687717668912
113, 0.5230330505995905, 0.4336013307457721, 0.5491061063385186, 0.5834687717668912
114, 0.5265428487861948, 0.4347102855558636, 0.5511957278848386, 0.5834687717668912
115, 0.528882714243931, 0.4369281951760466, 0.550731367541212, 0.5834687717668912
116, 0.5285171102661597, 0.43831438868866096, 0.547945205479452, 0.5834687717668912
117, 0.5282246270839427, 0.4374826725810923, 0.5477130253076388, 0.5834687717668912
118, 0.5222287218484937, 0.42999722761297476, 0.5444625029022522, 0.5834687717668912
119, 0.5205469435507458, 0.4275020792902689, 0.5414441606686788, 0.5834687717668912
120, 0.5202544603685288, 0.4258386470751317, 0.5416763408404922, 0.5834687717668912
121, 0.5287364726528224, 0.43138342112558914, 0.5481773856512654, 0.5834687717668912
122, 0.5322462708394268, 0.436096479068478, 0.548641745994892, 0.5834687717668912
123, 0.535171102661597, 0.4352647629609093, 0.5477130253076388, 0.5834687717668912
124, 0.5356829482304768, 0.4363737177710008, 0.5451590434176922, 0.5834687717668912
125, 0.5359754314126938, 0.4369281951760466, 0.5433016020431856, 0.5834687717668912
126, 0.5375840889148874, 0.44108677571388966, 0.5437659623868122, 0.5834687717668912
127, 0.538607780052647, 0.44136401441641254, 0.5439981425586254, 0.5834687717668912
128, 0.5387540216437555, 0.44053229830884394, 0.546552124448572, 0.5834687717668912
129, 0.5388271424393097, 0.4397005822012753, 0.5470164847921988, 0.5834687717668912
130, 0.5425563030125767, 0.44136401441641254, 0.550731367541212, 0.5834687717668912
131, 0.5477478794969289, 0.43997782090379817, 0.5553749709774786, 0.5834687717668912
132, 0.5516232816613045, 0.44330468533407263, 0.5583933132110518, 0.5834687717668912
133, 0.5538169055279322, 0.4452453562517327, 0.5583933132110518, 0.5834687717668912
134, 0.5556449254167886, 0.4460770723593014, 0.5563036916647318, 0.5834687717668912
135, 0.5603246563322609, 0.4480177432769615, 0.5579289528674252, 0.5834687717668912
136, 0.5699034805498684, 0.45494871084003324, 0.5637334571627584, 0.5834687717668912
137, 0.5750950570342205, 0.46021624618796786, 0.5737172045507314, 0.5834687717668912
138, 0.578677976016379, 0.46298863321319655, 0.5778964476433712, 0.5834687717668912
139, 0.5810178414741153, 0.466315497643471, 0.5795217088460646, 0.5834687717668912
140, 0.5823340157940918, 0.4671472137510396, 0.5790573485024378, 0.5834687717668912
141, 0.5845276396607195, 0.4682561685611311, 0.5781286278151846, 0.5834687717668912
142, 0.5813103246563323, 0.46409758802328804, 0.573485024378918, 0.5834687717668912
143, 0.5760456273764258, 0.46382034932076516, 0.573485024378918, 0.5834687717668912
144, 0.5787510968119333, 0.4646520654283338, 0.5725563036916648, 0.5834687717668912
145, 0.5805059959052354, 0.4657610202384253, 0.576271186440678, 0.5834687717668912
146, 0.5854050892073706, 0.4665927363459939, 0.576271186440678, 0.5834687717668912
147, 0.5868675051184556, 0.4679789298586083, 0.5771999071279312, 0.5834687717668912
148, 0.5889880081895291, 0.4696423620737455, 0.5816113303923844, 0.5834687717668912
149, 0.5884761626206493, 0.466315497643471, 0.574181564894358, 0.5834687717668912
150, 0.5848932436384908, 0.46326587191571944, 0.572788483863478, 0.5834687717668912
151, 0.5838695525007312, 0.46271139451067367, 0.5706988623171582, 0.5834687717668912
152, 0.5824802573852004, 0.46215691710562795, 0.5676805200835848, 0.5834687717668912
153, 0.5822608949985376, 0.46298863321319655, 0.5667517993963316, 0.5834687717668912
154, 0.5821877742029833, 0.46104796229553646, 0.5665196192245182, 0.5834687717668912
155, 0.5791167007897046, 0.459939007485445, 0.563501276990945, 0.5834687717668912
156, 0.5954957589938579, 0.470751316883837, 0.5767355467843046, 0.5834687717668912
157, 0.5920590816028078, 0.4665927363459939, 0.5695379614580914, 0.5834687717668912
158, 0.5956420005849664, 0.4696423620737455, 0.5751102855816114, 0.5834687717668912
159, 0.5992980403626792, 0.4704740781813141, 0.5732528442071048, 0.5834687717668912
160, 0.5877449546651068, 0.46298863321319655, 0.5669839795681448, 0.5834687717668912
161, 0.5914009944428196, 0.4696423620737455, 0.5681448804272116, 0.5834687717668912
162, 0.5911085112606025, 0.4671472137510396, 0.5676805200835848, 0.5834687717668912
163, 0.5970312957004972, 0.470751316883837, 0.5730206640352914, 0.5834687717668912
164, 0.5956420005849664, 0.47019683947879126, 0.5730206640352914, 0.5834687717668912
165, 0.5979087452471483, 0.470751316883837, 0.5732528442071048, 0.5834687717668912
166, 0.600102369113776, 0.47102855558635986, 0.573485024378918, 0.5834687717668912
167, 0.5958613629716292, 0.470751316883837, 0.5695379614580914, 0.5834687717668912
168, 0.600394852295993, 0.47213751039645135, 0.5711632226607848, 0.5834687717668912
169, 0.591254752851711, 0.46298863321319655, 0.5669839795681448, 0.5834687717668912
170, 0.6007604562737643, 0.47241474909897424, 0.573485024378918, 0.5834687717668912
171, 0.5955688797894121, 0.4635431106182423, 0.5683770605990248, 0.5834687717668912
172, 0.6033196841181632, 0.470751316883837, 0.574181564894358, 0.5834687717668912
173, 0.5902310617139515, 0.46021624618796786, 0.5630369166473184, 0.5834687717668912
174, 0.5956420005849664, 0.4657610202384253, 0.5672161597399582, 0.5834687717668912
175, 0.5987130739982451, 0.4696423620737455, 0.5674483399117716, 0.5834687717668912
176, 0.600102369113776, 0.4679789298586083, 0.5665196192245182, 0.5834687717668912
177, 0.60068733547821, 0.4690878846686998, 0.5662874390527048, 0.5834687717668912
178, 0.596665691722726, 0.4657610202384253, 0.5662874390527048, 0.5834687717668912
179, 0.5976162620649312, 0.4679789298586083, 0.5651265381936382, 0.5834687717668912
180, 0.5890611289850833, 0.457721097865262, 0.5611794752728118, 0.5834687717668912
181, 0.5991517987715707, 0.4682561685611311, 0.5639656373345716, 0.5834687717668912
182, 0.6045627376425855, 0.4757416135292487, 0.5651265381936382, 0.5834687717668912
183, 0.6047821000292484, 0.47130579428888275, 0.5644299976781982, 0.5834687717668912
184, 0.6019303890026323, 0.47186027169392847, 0.5672161597399582, 0.5834687717668912
185, 0.6093155893536122, 0.4765733296368173, 0.5679127002553982, 0.5834687717668912
186, 0.6026615969581749, 0.4746326587191572, 0.564197817506385, 0.5834687717668912
187, 0.6097543141269377, 0.47490989742168005, 0.5695379614580914, 0.5834687717668912
188, 0.6142878034513015, 0.481563626282229, 0.5693057812862782, 0.5834687717668912
189, 0.6111436092424686, 0.47518713612420294, 0.5693057812862782, 0.5834687717668912
190, 0.6224042117578239, 0.4904352647629609, 0.5730206640352914, 0.5834687717668912
191, 0.6228429365311494, 0.4890490712503465, 0.5737172045507314, 0.5834687717668912
192, 0.6197718631178707, 0.48794011644025503, 0.5758068260970514, 0.5834687717668912
193, 0.6156039777712782, 0.48405877460493485, 0.5730206640352914, 0.5834687717668912
194, 0.6259140099444281, 0.492375935680621, 0.5753424657534246, 0.5834687717668912
195, 0.6289119625621526, 0.4973662323260327, 0.5767355467843046, 0.5834687717668912
196, 0.6295700497221409, 0.4993069032436928, 0.5788251683306246, 0.5834687717668912
197, 0.6346153846153846, 0.5001386193512615, 0.5839331321105178, 0.5839331321105178
198, 0.6270839426732963, 0.49514832270584974, 0.5760390062688646, 0.5839331321105178
199, 0.6290582041532612, 0.49570280011089546, 0.5760390062688646, 0.5839331321105178
200, 0.7479526177244809, 0.5941225395065151, 0.6115625725563036, 0.6115625725563036
201, 0.7513892951155309, 0.5946770169115608, 0.610401671697237, 0.6115625725563036
202, 0.7532904357999415, 0.594399778209038, 0.6120269328999304, 0.6120269328999304
203, 0.7553378180754606, 0.5930135846964236, 0.6120269328999304, 0.6120269328999304
204, 0.7563615092132202, 0.5919046298863321, 0.6127234734153704, 0.6127234734153704
205, 0.7581164083065224, 0.5902411976711949, 0.6136521941026236, 0.6136521941026236
206, 0.759725065808716, 0.5907956750762406, 0.6143487346180636, 0.6143487346180636
207, 0.7611874817198011, 0.5916273911838092, 0.6143487346180636, 0.6143487346180636
208, 0.7626498976308862, 0.5916273911838092, 0.613884374274437, 0.6143487346180636
209, 0.763161743199766, 0.5910729137787635, 0.6141165544462502, 0.6143487346180636
210, 0.7635273471775373, 0.5907956750762406, 0.6129556535871836, 0.6143487346180636
211, 0.7647704007019597, 0.5902411976711949, 0.613187833758997, 0.6143487346180636
212, 0.7662328166130448, 0.5894094815636263, 0.6127234734153704, 0.6143487346180636
213, 0.7679145949107926, 0.5896867202661491, 0.6136521941026236, 0.6143487346180636
214, 0.7685726820707809, 0.5891322428611034, 0.614580914789877, 0.614580914789877
215, 0.7693770108218777, 0.5888550041585805, 0.6148130949616902, 0.6148130949616902
216, 0.7693770108218777, 0.5888550041585805, 0.6143487346180636, 0.6148130949616902
217, 0.7693770108218777, 0.5885777654560577, 0.6134200139308104, 0.6148130949616902
218, 0.7689382860485522, 0.5885777654560577, 0.612491293243557, 0.6148130949616902
219, 0.7684264404796725, 0.5866370945383975, 0.6122591130717436, 0.6148130949616902
220, 0.7687920444574436, 0.5860826171333519, 0.611794752728117, 0.6148130949616902
221, 0.7680608365019012, 0.5844191849182145, 0.6113303923844904, 0.6148130949616902
222, 0.7676952325241299, 0.5835874688106459, 0.6101694915254238, 0.6148130949616902
223, 0.7667446621819245, 0.5805378430828944, 0.6101694915254238, 0.6148130949616902
224, 0.7660865750219362, 0.5802606043803715, 0.6101694915254238, 0.6148130949616902
225, 0.7655016086575022, 0.57915164957028, 0.610401671697237, 0.6148130949616902
226, 0.7647704007019597, 0.5777654560576656, 0.6094729510099838, 0.6148130949616902
227, 0.7633811055864288, 0.5777654560576656, 0.6087764104945438, 0.6148130949616902
228, 0.7627961392219947, 0.5774882173551428, 0.6076155096354772, 0.6148130949616902
229, 0.7619918104708979, 0.5758247851400056, 0.6076155096354772, 0.6148130949616902
230, 0.7613337233109096, 0.574715830329914, 0.6076155096354772, 0.6148130949616902
231, 0.7593594618309447, 0.574993069032437, 0.6071511492918504, 0.6148130949616902
232, 0.7578970459198596, 0.572497920709731, 0.6062224286045972, 0.6148130949616902
233, 0.7572389587598714, 0.5719434433046854, 0.6057580682609706, 0.6148130949616902
234, 0.756288388417666, 0.5713889658996396, 0.6052937079173438, 0.6148130949616902
235, 0.7555571804621234, 0.5722206820072082, 0.6050615277455306, 0.6148130949616902
236, 0.7552646972799064, 0.5708344884945938, 0.6036684467146506, 0.6148130949616902
237, 0.7548990933021351, 0.5694482949819795, 0.603204086371024, 0.6148130949616902
238, 0.7543141269377011, 0.568339340171888, 0.6027397260273972, 0.6148130949616902
239, 0.7533635565954958, 0.5675076240643194, 0.6015788251683306, 0.6148130949616902
240, 0.7527054694355074, 0.5666759079567507, 0.6020431855119572, 0.6148130949616902
241, 0.7517548990933022, 0.5655669531466593, 0.6027397260273972, 0.6148130949616902
242, 0.7513892951155309, 0.5658441918491821, 0.602507545855584, 0.6148130949616902
243, 0.7512430535244223, 0.5655669531466593, 0.6027397260273972, 0.6148130949616902
244, 0.7502193623866628, 0.5650124757416135, 0.6027397260273972, 0.6148130949616902
245, 0.7500731207955542, 0.5658441918491821, 0.603204086371024, 0.6148130949616902
246, 0.75, 0.5641807596340449, 0.602507545855584, 0.6148130949616902
247, 0.7495612752266745, 0.5639035209315221, 0.6029719061992106, 0.6148130949616902
248, 0.7491956712489032, 0.5636262822289991, 0.602507545855584, 0.6148130949616902
249, 0.7489031880666862, 0.5625173274189077, 0.6022753656837706, 0.6148130949616902
250, 0.7482451009066978, 0.5627945661214305, 0.6022753656837706, 0.6148130949616902
251, 0.7480257385200351, 0.5622400887163848, 0.6027397260273972, 0.6148130949616902
252, 0.7478063761333723, 0.5625173274189077, 0.6027397260273972, 0.6148130949616902
253, 0.7478794969289266, 0.5622400887163848, 0.6027397260273972, 0.6148130949616902
254, 0.7476601345422638, 0.5616856113113391, 0.603204086371024, 0.6148130949616902
255, 0.7472945305644926, 0.5619628500138619, 0.6034362665428372, 0.6148130949616902
256, 0.7472214097689382, 0.5619628500138619, 0.6041328070582772, 0.6148130949616902
257, 0.7475138929511553, 0.5619628500138619, 0.6034362665428372, 0.6148130949616902
258, 0.7472945305644926, 0.5622400887163848, 0.6034362665428372, 0.6148130949616902
259, 0.7473676513600468, 0.5619628500138619, 0.6034362665428372, 0.6148130949616902
260, 0.7477332553378181, 0.5614083726088162, 0.603204086371024, 0.6148130949616902
261, 0.7479526177244809, 0.5605766565012475, 0.6029719061992106, 0.6148130949616902
262, 0.7480988593155894, 0.5605766565012475, 0.6029719061992106, 0.6148130949616902
263, 0.7478794969289266, 0.5614083726088162, 0.6029719061992106, 0.6148130949616902
264, 0.7473676513600468, 0.5605766565012475, 0.6036684467146506, 0.6148130949616902
265, 0.7475138929511553, 0.559744940393679, 0.6041328070582772, 0.6148130949616902
266, 0.747440772155601, 0.5591904629886332, 0.6039006268864638, 0.6148130949616902
267, 0.747440772155601, 0.5586359855835875, 0.6027397260273972, 0.6148130949616902
268, 0.7473676513600468, 0.5586359855835875, 0.6020431855119572, 0.6148130949616902
269, 0.7476601345422638, 0.5586359855835875, 0.601811005340144, 0.6148130949616902
270, 0.7470020473822755, 0.5594677016911561, 0.601811005340144, 0.6148130949616902
271, 0.7467826849956127, 0.5591904629886332, 0.6020431855119572, 0.6148130949616902
272, 0.7467095642000585, 0.5594677016911561, 0.6020431855119572, 0.6148130949616902
273, 0.7464902018133958, 0.5586359855835875, 0.601811005340144, 0.6148130949616902
274, 0.7469289265867213, 0.5589132242861103, 0.6015788251683306, 0.6148130949616902
275, 0.7475138929511553, 0.5589132242861103, 0.600417924309264, 0.6148130949616902
276, 0.7478794969289266, 0.559744940393679, 0.5999535639656374, 0.6148130949616902
277, 0.7483913424978064, 0.5605766565012475, 0.599721383793824, 0.6148130949616902
278, 0.7486107048844691, 0.559744940393679, 0.599721383793824, 0.6148130949616902
279, 0.7491956712489032, 0.5591904629886332, 0.599721383793824, 0.6148130949616902
280, 0.7496343960222287, 0.559744940393679, 0.5992570234501974, 0.6148130949616902
281, 0.7496343960222287, 0.5605766565012475, 0.5994892036220106, 0.6148130949616902
282, 0.7500731207955542, 0.5602994177987247, 0.5994892036220106, 0.6148130949616902
283, 0.750292483182217, 0.5616856113113391, 0.5994892036220106, 0.6148130949616902
284, 0.7505849663644341, 0.5602994177987247, 0.5994892036220106, 0.6148130949616902
285, 0.7509505703422054, 0.5605766565012475, 0.5987926631065706, 0.6148130949616902
286, 0.7511699327288681, 0.5616856113113391, 0.599024843278384, 0.6148130949616902
287, 0.7513892951155309, 0.5611311339062933, 0.5985604829347574, 0.6148130949616902
288, 0.7518280198888564, 0.5605766565012475, 0.5992570234501974, 0.6148130949616902
289, 0.7524861070488447, 0.5614083726088162, 0.5994892036220106, 0.6148130949616902
290, 0.7530710734132787, 0.5608538952037705, 0.5994892036220106, 0.6148130949616902
291, 0.7535829189821586, 0.5600221790962018, 0.5994892036220106, 0.6148130949616902
292, 0.7539485229599298, 0.559744940393679, 0.5994892036220106, 0.6148130949616902
293, 0.7542410061421468, 0.559744940393679, 0.5994892036220106, 0.6148130949616902
294, 0.7551184556887979, 0.5594677016911561, 0.5994892036220106, 0.6148130949616902
295, 0.7548259725065809, 0.559744940393679, 0.5994892036220106, 0.6148130949616902
296, 0.7546797309154724, 0.5589132242861103, 0.600417924309264, 0.6148130949616902
297, 0.7551915764843522, 0.5591904629886332, 0.6006501044810774, 0.6148130949616902
298, 0.7554840596665692, 0.559744940393679, 0.600417924309264, 0.6148130949616902
299, 0.7557765428487861, 0.5605766565012475, 0.6001857441374506, 0.6148130949616902
300, 0.7565077508043287, 0.5605766565012475, 0.5994892036220106, 0.6148130949616902
301, 0.7568733547821, 0.5616856113113391, 0.600417924309264, 0.6148130949616902
302, 0.7570927171687628, 0.5627945661214305, 0.6006501044810774, 0.6148130949616902
303, 0.7573852003509798, 0.5633490435264763, 0.5999535639656374, 0.6148130949616902
304, 0.7573852003509798, 0.5633490435264763, 0.5999535639656374, 0.6148130949616902
305, 0.7575314419420883, 0.5630718048239535, 0.5994892036220106, 0.6148130949616902
306, 0.7574583211465341, 0.5633490435264763, 0.5985604829347574, 0.6148130949616902
307, 0.7578970459198596, 0.5627945661214305, 0.5980961225911308, 0.6148130949616902
308, 0.7583357706931851, 0.5636262822289991, 0.5985604829347574, 0.6148130949616902
309, 0.7584820122842937, 0.5647352370390907, 0.5980961225911308, 0.6148130949616902
310, 0.7587744954665107, 0.5647352370390907, 0.5978639424193174, 0.6148130949616902
311, 0.7587744954665107, 0.5647352370390907, 0.598328302762944, 0.6148130949616902
312, 0.7595057034220533, 0.5652897144441364, 0.5980961225911308, 0.6148130949616902
313, 0.7597981866042702, 0.5647352370390907, 0.5978639424193174, 0.6148130949616902
314, 0.7595788242176075, 0.5647352370390907, 0.5985604829347574, 0.6148130949616902
315, 0.7601637905820415, 0.5641807596340449, 0.5985604829347574, 0.6148130949616902
316, 0.7607487569464756, 0.5652897144441364, 0.5994892036220106, 0.6148130949616902
317, 0.7608218777420298, 0.566121430551705, 0.599721383793824, 0.6148130949616902
318, 0.7607487569464756, 0.5663986692542279, 0.6001857441374506, 0.6148130949616902
319, 0.7611874817198011, 0.5663986692542279, 0.6001857441374506, 0.6148130949616902
320, 0.7610412401286926, 0.566121430551705, 0.5994892036220106, 0.6148130949616902
321, 0.7611143609242469, 0.566121430551705, 0.599721383793824, 0.6148130949616902
322, 0.7606756361509214, 0.5666759079567507, 0.5999535639656374, 0.6148130949616902
323, 0.7610412401286926, 0.5669531466592737, 0.599024843278384, 0.6148130949616902
324, 0.7614068441064639, 0.5663986692542279, 0.5987926631065706, 0.6148130949616902
325, 0.7614068441064639, 0.5663986692542279, 0.598328302762944, 0.6148130949616902
326, 0.7619186896753437, 0.5666759079567507, 0.597631762247504, 0.6148130949616902
327, 0.7619918104708979, 0.5669531466592737, 0.5978639424193174, 0.6148130949616902
328, 0.7622111728575607, 0.5672303853617965, 0.5987926631065706, 0.6148130949616902
329, 0.7622842936531149, 0.5669531466592737, 0.5992570234501974, 0.6148130949616902
330, 0.7623574144486692, 0.5672303853617965, 0.5999535639656374, 0.6148130949616902
331, 0.7632348639953203, 0.5672303853617965, 0.600417924309264, 0.6148130949616902
332, 0.763454226381983, 0.5663986692542279, 0.600417924309264, 0.6148130949616902
333, 0.7636004679730916, 0.5655669531466593, 0.6001857441374506, 0.6148130949616902
334, 0.7636735887686458, 0.5652897144441364, 0.6001857441374506, 0.6148130949616902
335, 0.7639660719508629, 0.5658441918491821, 0.6006501044810774, 0.6148130949616902
336, 0.7641854343375256, 0.5658441918491821, 0.6008822846528906, 0.6148130949616902
337, 0.7642585551330798, 0.566121430551705, 0.600417924309264, 0.6148130949616902
338, 0.7644047967241884, 0.5658441918491821, 0.5999535639656374, 0.6148130949616902
339, 0.7648435214975139, 0.5652897144441364, 0.5999535639656374, 0.6148130949616902
340, 0.7649166422930681, 0.5652897144441364, 0.5999535639656374, 0.6148130949616902
341, 0.765428487861948, 0.5655669531466593, 0.6001857441374506, 0.6148130949616902
342, 0.7656478502486107, 0.566121430551705, 0.5994892036220106, 0.6148130949616902
343, 0.7656478502486107, 0.566121430551705, 0.5992570234501974, 0.6148130949616902
344, 0.7659403334308277, 0.5663986692542279, 0.599024843278384, 0.6148130949616902
345, 0.7659403334308277, 0.5663986692542279, 0.5999535639656374, 0.6148130949616902
346, 0.766305937408599, 0.566121430551705, 0.5999535639656374, 0.6148130949616902
347, 0.7665252997952617, 0.5666759079567507, 0.5999535639656374, 0.6148130949616902
348, 0.7666715413863703, 0.5669531466592737, 0.600417924309264, 0.6148130949616902
349, 0.7668177829774788, 0.5672303853617965, 0.6001857441374506, 0.6148130949616902
350, 0.7671102661596958, 0.5675076240643194, 0.600417924309264, 0.6148130949616902
351, 0.7673296285463586, 0.5680621014693651, 0.6001857441374506, 0.6148130949616902
352, 0.7674758701374671, 0.5680621014693651, 0.599721383793824, 0.6148130949616902
353, 0.7673296285463586, 0.5680621014693651, 0.599721383793824, 0.6148130949616902
354, 0.7672565077508043, 0.5680621014693651, 0.6001857441374506, 0.6148130949616902
355, 0.7671833869552501, 0.5675076240643194, 0.6006501044810774, 0.6148130949616902
356, 0.7676221117285756, 0.5675076240643194, 0.601114464824704, 0.6148130949616902
357, 0.7677683533196841, 0.5669531466592737, 0.601114464824704, 0.6148130949616902
358, 0.7679877157063468, 0.5672303853617965, 0.6008822846528906, 0.6148130949616902
359, 0.7681339572974554, 0.5675076240643194, 0.6008822846528906, 0.6148130949616902
360, 0.7680608365019012, 0.5680621014693651, 0.601114464824704, 0.6148130949616902
361, 0.7683533196841181, 0.5680621014693651, 0.6008822846528906, 0.6148130949616902
362, 0.7682801988885639, 0.5680621014693651, 0.6008822846528906, 0.6148130949616902
363, 0.7684995612752267, 0.5680621014693651, 0.600417924309264, 0.6148130949616902
364, 0.7689382860485522, 0.5675076240643194, 0.600417924309264, 0.6148130949616902
365, 0.7690114068441065, 0.568339340171888, 0.6008822846528906, 0.6148130949616902
366, 0.7692307692307693, 0.5688938175769337, 0.6008822846528906, 0.6148130949616902
367, 0.7693770108218777, 0.5691710562794566, 0.6008822846528906, 0.6148130949616902
368, 0.7695232524129862, 0.5688938175769337, 0.6001857441374506, 0.6148130949616902
369, 0.7696694940040948, 0.5688938175769337, 0.6006501044810774, 0.6148130949616902
370, 0.7698888563907575, 0.5694482949819795, 0.600417924309264, 0.6148130949616902
371, 0.7701082187774203, 0.5694482949819795, 0.6006501044810774, 0.6148130949616902
372, 0.7698157355952032, 0.5694482949819795, 0.600417924309264, 0.6148130949616902
373, 0.7699619771863118, 0.5691710562794566, 0.5994892036220106, 0.6148130949616902
374, 0.7701082187774203, 0.5688938175769337, 0.5992570234501974, 0.6148130949616902
375, 0.7705469435507458, 0.5688938175769337, 0.5992570234501974, 0.6148130949616902
376, 0.7707663059374086, 0.5688938175769337, 0.5992570234501974, 0.6148130949616902
377, 0.7709856683240713, 0.5688938175769337, 0.599721383793824, 0.6148130949616902
378, 0.7712050307107341, 0.5688938175769337, 0.6001857441374506, 0.6148130949616902
379, 0.7712050307107341, 0.5686165788744109, 0.6001857441374506, 0.6148130949616902
380, 0.7712050307107341, 0.5691710562794566, 0.5999535639656374, 0.6148130949616902
381, 0.7714243930973969, 0.5691710562794566, 0.6001857441374506, 0.6148130949616902
382, 0.7715706346885054, 0.5688938175769337, 0.5999535639656374, 0.6148130949616902
383, 0.7715706346885054, 0.5688938175769337, 0.5999535639656374, 0.6148130949616902
384, 0.7714975138929512, 0.5691710562794566, 0.5999535639656374, 0.6148130949616902
385, 0.7715706346885054, 0.5686165788744109, 0.5994892036220106, 0.6148130949616902
386, 0.7714243930973969, 0.5686165788744109, 0.5992570234501974, 0.6148130949616902
387, 0.7716437554840596, 0.568339340171888, 0.599024843278384, 0.6148130949616902
388, 0.7718631178707225, 0.5686165788744109, 0.599721383793824, 0.6148130949616902
389, 0.7721556010529395, 0.5680621014693651, 0.5999535639656374, 0.6148130949616902
390, 0.7726674466218193, 0.5686165788744109, 0.6001857441374506, 0.6148130949616902
391, 0.7729599298040363, 0.5686165788744109, 0.6001857441374506, 0.6148130949616902
392, 0.7735448961684703, 0.5686165788744109, 0.600417924309264, 0.6148130949616902
393, 0.773471775372916, 0.568339340171888, 0.600417924309264, 0.6148130949616902
394, 0.7736180169640245, 0.568339340171888, 0.5999535639656374, 0.6148130949616902
395, 0.7736180169640245, 0.568339340171888, 0.5994892036220106, 0.6148130949616902
396, 0.7739105001462416, 0.568339340171888, 0.599721383793824, 0.6148130949616902
397, 0.7742761041240128, 0.5686165788744109, 0.599721383793824, 0.6148130949616902
398, 0.7744223457151214, 0.5680621014693651, 0.599024843278384, 0.6148130949616902
399, 0.7750073120795554, 0.5680621014693651, 0.5992570234501974, 0.6148130949616902
400, 0.7752266744662182, 0.5688938175769337, 0.599024843278384, 0.6148130949616902
401, 0.7752997952617724, 0.5691710562794566, 0.5987926631065706, 0.6148130949616902
402, 0.7755191576484353, 0.5694482949819795, 0.5985604829347574, 0.6148130949616902
403, 0.7755191576484353, 0.5691710562794566, 0.5985604829347574, 0.6148130949616902
404, 0.7754460368528809, 0.5697255336845024, 0.5985604829347574, 0.6148130949616902
405, 0.7755922784439895, 0.5697255336845024, 0.5985604829347574, 0.6148130949616902
406, 0.7758116408306522, 0.5700027723870252, 0.5985604829347574, 0.6148130949616902
407, 0.776031003217315, 0.5697255336845024, 0.5987926631065706, 0.6148130949616902
408, 0.7764697279906405, 0.5697255336845024, 0.5987926631065706, 0.6148130949616902
409, 0.7766890903773033, 0.5697255336845024, 0.598328302762944, 0.6148130949616902
410, 0.7768353319684118, 0.5702800110895481, 0.598328302762944, 0.6148130949616902
411, 0.7769815735595204, 0.5697255336845024, 0.5980961225911308, 0.6148130949616902
412, 0.7770546943550746, 0.5697255336845024, 0.597631762247504, 0.6148130949616902
413, 0.7772009359461831, 0.5694482949819795, 0.5980961225911308, 0.6148130949616902
414, 0.7773471775372917, 0.5697255336845024, 0.598328302762944, 0.6148130949616902
415, 0.7774934191284001, 0.5700027723870252, 0.598328302762944, 0.6148130949616902
416, 0.7773471775372917, 0.5702800110895481, 0.5980961225911308, 0.6148130949616902
417, 0.7773471775372917, 0.5700027723870252, 0.598328302762944, 0.6148130949616902
418, 0.7772009359461831, 0.5700027723870252, 0.5980961225911308, 0.6148130949616902
419, 0.7772009359461831, 0.5697255336845024, 0.5980961225911308, 0.6148130949616902
420, 0.7772740567417373, 0.5697255336845024, 0.597631762247504, 0.6148130949616902
421, 0.7772740567417373, 0.5694482949819795, 0.5971674019038774, 0.6148130949616902
422, 0.7772740567417373, 0.5694482949819795, 0.5973995820756908, 0.6148130949616902
423, 0.7777859023106172, 0.5691710562794566, 0.5973995820756908, 0.6148130949616902
424, 0.7778590231061714, 0.5688938175769337, 0.5971674019038774, 0.6148130949616902
425, 0.7780052646972799, 0.5691710562794566, 0.5973995820756908, 0.6148130949616902
426, 0.7780052646972799, 0.5691710562794566, 0.5971674019038774, 0.6148130949616902
427, 0.7780052646972799, 0.5691710562794566, 0.5967030415602508, 0.6148130949616902
428, 0.7777859023106172, 0.5694482949819795, 0.5967030415602508, 0.6148130949616902
429, 0.7779321439017256, 0.5694482949819795, 0.596935221732064, 0.6148130949616902
430, 0.7780783854928341, 0.5694482949819795, 0.5973995820756908, 0.6148130949616902
431, 0.7780052646972799, 0.5700027723870252, 0.597631762247504, 0.6148130949616902
432, 0.7782246270839427, 0.570557249792071, 0.5971674019038774, 0.6148130949616902
433, 0.7782977478794969, 0.5708344884945938, 0.5964708613884374, 0.6148130949616902
434, 0.7783708686750512, 0.5711117271971167, 0.5964708613884374, 0.6148130949616902
435, 0.778590231061714, 0.5700027723870252, 0.5967030415602508, 0.6148130949616902
436, 0.7786633518572682, 0.5697255336845024, 0.5967030415602508, 0.6148130949616902
437, 0.7787364726528224, 0.5697255336845024, 0.5960065010448108, 0.6148130949616902
438, 0.778882714243931, 0.5700027723870252, 0.5960065010448108, 0.6148130949616902
439, 0.7788095934483767, 0.5697255336845024, 0.5960065010448108, 0.6148130949616902
440, 0.7789558350394852, 0.5700027723870252, 0.5957743208729974, 0.6148130949616902
441, 0.7791020766305937, 0.5697255336845024, 0.5957743208729974, 0.6148130949616902
442, 0.7790289558350395, 0.5700027723870252, 0.5957743208729974, 0.6148130949616902
443, 0.7790289558350395, 0.5700027723870252, 0.5955421407011842, 0.6148130949616902
444, 0.779175197426148, 0.5702800110895481, 0.5953099605293708, 0.6148130949616902
445, 0.7792483182217023, 0.5702800110895481, 0.5953099605293708, 0.6148130949616902
446, 0.7792483182217023, 0.5700027723870252, 0.5953099605293708, 0.6148130949616902
447, 0.7795408014039192, 0.5694482949819795, 0.5950777803575574, 0.6148130949616902
448, 0.7796139221994736, 0.5688938175769337, 0.5953099605293708, 0.6148130949616902
449, 0.779760163790582, 0.5691710562794566, 0.5953099605293708, 0.6148130949616902
450, 0.779760163790582, 0.5697255336845024, 0.5955421407011842, 0.6148130949616902
451, 0.7796870429950278, 0.5700027723870252, 0.5960065010448108, 0.6148130949616902
452, 0.7798332845861363, 0.5702800110895481, 0.5960065010448108, 0.6148130949616902
453, 0.7798332845861363, 0.5702800110895481, 0.5962386812166242, 0.6148130949616902
454, 0.7799064053816905, 0.5700027723870252, 0.5962386812166242, 0.6148130949616902
455, 0.7801988885639076, 0.5700027723870252, 0.5960065010448108, 0.6148130949616902
456, 0.7802720093594618, 0.570557249792071, 0.5964708613884374, 0.6148130949616902
457, 0.7801988885639076, 0.5708344884945938, 0.5964708613884374, 0.6148130949616902
458, 0.7804913717461246, 0.5708344884945938, 0.5967030415602508, 0.6148130949616902
459, 0.7809300965194501, 0.5711117271971167, 0.5967030415602508, 0.6148130949616902
460, 0.7810763381105587, 0.5708344884945938, 0.5967030415602508, 0.6148130949616902
461, 0.7809300965194501, 0.5719434433046854, 0.5967030415602508, 0.6148130949616902
462, 0.7810763381105587, 0.5719434433046854, 0.596935221732064, 0.6148130949616902
463, 0.7812225797016672, 0.5719434433046854, 0.5971674019038774, 0.6148130949616902
464, 0.7811494589061129, 0.5722206820072082, 0.596935221732064, 0.6148130949616902
465, 0.7813688212927756, 0.572775159412254, 0.5967030415602508, 0.6148130949616902
466, 0.7811494589061129, 0.572775159412254, 0.5967030415602508, 0.6148130949616902
467, 0.7810763381105587, 0.572775159412254, 0.5967030415602508, 0.6148130949616902
468, 0.7812225797016672, 0.5730523981147768, 0.5962386812166242, 0.6148130949616902
469, 0.7816613044749927, 0.572497920709731, 0.5962386812166242, 0.6148130949616902
470, 0.7819537876572097, 0.572775159412254, 0.5962386812166242, 0.6148130949616902
471, 0.782026908452764, 0.572775159412254, 0.5957743208729974, 0.6148130949616902
472, 0.782026908452764, 0.572775159412254, 0.5957743208729974, 0.6148130949616902
473, 0.782026908452764, 0.572775159412254, 0.5962386812166242, 0.6148130949616902
474, 0.7815150628838842, 0.572775159412254, 0.5960065010448108, 0.6148130949616902
475, 0.78144194208833, 0.572775159412254, 0.5957743208729974, 0.6148130949616902
476, 0.7816613044749927, 0.5722206820072082, 0.5955421407011842, 0.6148130949616902
477, 0.7815881836794384, 0.572775159412254, 0.5957743208729974, 0.6148130949616902
478, 0.7815150628838842, 0.572497920709731, 0.5967030415602508, 0.6148130949616902
479, 0.7812957004972214, 0.572497920709731, 0.596935221732064, 0.6148130949616902
480, 0.7812225797016672, 0.5722206820072082, 0.596935221732064, 0.6148130949616902
481, 0.7812957004972214, 0.5716662046021624, 0.5964708613884374, 0.6148130949616902
482, 0.7813688212927756, 0.5719434433046854, 0.5964708613884374, 0.6148130949616902
483, 0.7813688212927756, 0.5719434433046854, 0.5962386812166242, 0.6148130949616902
484, 0.7812225797016672, 0.5719434433046854, 0.5967030415602508, 0.6148130949616902
485, 0.7811494589061129, 0.5722206820072082, 0.5964708613884374, 0.6148130949616902
486, 0.7812225797016672, 0.5719434433046854, 0.5964708613884374, 0.6148130949616902
487, 0.7815150628838842, 0.5716662046021624, 0.596935221732064, 0.6148130949616902
488, 0.7817344252705469, 0.5713889658996396, 0.5964708613884374, 0.6148130949616902
489, 0.7817344252705469, 0.5713889658996396, 0.5967030415602508, 0.6148130949616902
490, 0.7818075460661011, 0.5716662046021624, 0.5967030415602508, 0.6148130949616902
491, 0.7819537876572097, 0.5713889658996396, 0.596935221732064, 0.6148130949616902
492, 0.7819537876572097, 0.5716662046021624, 0.5967030415602508, 0.6148130949616902
493, 0.7822462708394268, 0.5722206820072082, 0.5971674019038774, 0.6148130949616902
494, 0.7825387540216437, 0.5730523981147768, 0.5971674019038774, 0.6148130949616902
495, 0.782611874817198, 0.5733296368172996, 0.5971674019038774, 0.6148130949616902
496, 0.782904357999415, 0.5733296368172996, 0.596935221732064, 0.6148130949616902
497, 0.7832699619771863, 0.5733296368172996, 0.596935221732064, 0.6148130949616902
498, 0.783196841181632, 0.5738841142223454, 0.596935221732064, 0.6148130949616902
499, 0.7834893243638491, 0.5733296368172996, 0.5967030415602508, 0.6148130949616902
500, 0.7836355659549575, 0.5730523981147768, 0.5967030415602508, 0.6148130949616902
501, 0.7839280491371746, 0.5733296368172996, 0.596935221732064, 0.6148130949616902
502, 0.7842936531149459, 0.5730523981147768, 0.5967030415602508, 0.6148130949616902
503, 0.7844398947060544, 0.5730523981147768, 0.5973995820756908, 0.6148130949616902
504, 0.7845861362971629, 0.5733296368172996, 0.5978639424193174, 0.6148130949616902
505, 0.7849517402749342, 0.5733296368172996, 0.598328302762944, 0.6148130949616902
506, 0.7850248610704884, 0.5733296368172996, 0.5980961225911308, 0.6148130949616902
507, 0.7852442234571512, 0.5722206820072082, 0.598328302762944, 0.6148130949616902
508, 0.7856098274349225, 0.5722206820072082, 0.5978639424193174, 0.6148130949616902
509, 0.7854635858438139, 0.5719434433046854, 0.598328302762944, 0.6148130949616902
510, 0.7859023106171396, 0.5722206820072082, 0.5978639424193174, 0.6148130949616902
511, 0.7864872769815736, 0.572497920709731, 0.597631762247504, 0.6148130949616902
512, 0.7864872769815736, 0.572497920709731, 0.597631762247504, 0.6148130949616902
513, 0.786633518572682, 0.5722206820072082, 0.597631762247504, 0.6148130949616902
514, 0.7867797601637906, 0.5722206820072082, 0.597631762247504, 0.6148130949616902
515, 0.7869260017548991, 0.5716662046021624, 0.597631762247504, 0.6148130949616902
516, 0.7874378473237789, 0.5713889658996396, 0.597631762247504, 0.6148130949616902
517, 0.7876572097104416, 0.5711117271971167, 0.598328302762944, 0.6148130949616902
518, 0.7878765720971044, 0.5711117271971167, 0.5980961225911308, 0.6148130949616902
519, 0.7880228136882129, 0.5708344884945938, 0.5980961225911308, 0.6148130949616902
520, 0.7880959344837671, 0.570557249792071, 0.598328302762944, 0.6148130949616902
521, 0.7880228136882129, 0.570557249792071, 0.5985604829347574, 0.6148130949616902
522, 0.7883884176659842, 0.570557249792071, 0.5985604829347574, 0.6148130949616902
523, 0.7884615384615384, 0.570557249792071, 0.5985604829347574, 0.6148130949616902
524, 0.788607780052647, 0.570557249792071, 0.598328302762944, 0.6148130949616902
525, 0.7890465048259725, 0.5711117271971167, 0.5985604829347574, 0.6148130949616902
526, 0.7893389880081896, 0.5711117271971167, 0.5987926631065706, 0.6148130949616902
527, 0.7896314711904066, 0.5711117271971167, 0.5987926631065706, 0.6148130949616902
528, 0.7898508335770693, 0.5713889658996396, 0.598328302762944, 0.6148130949616902
529, 0.7900701959637321, 0.5719434433046854, 0.5985604829347574, 0.6148130949616902
530, 0.7901433167592864, 0.5719434433046854, 0.5985604829347574, 0.6148130949616902
531, 0.7902164375548406, 0.5719434433046854, 0.5985604829347574, 0.6148130949616902
532, 0.7903626791459492, 0.5713889658996396, 0.598328302762944, 0.6148130949616902
533, 0.7904357999415034, 0.5711117271971167, 0.598328302762944, 0.6148130949616902
534, 0.7905089207370576, 0.5716662046021624, 0.5978639424193174, 0.6148130949616902
535, 0.7905089207370576, 0.5719434433046854, 0.5978639424193174, 0.6148130949616902
536, 0.7908745247148289, 0.5719434433046854, 0.5980961225911308, 0.6148130949616902
537, 0.7910938871014916, 0.5716662046021624, 0.5978639424193174, 0.6148130949616902
538, 0.791167007897046, 0.5719434433046854, 0.5980961225911308, 0.6148130949616902
539, 0.791459491079263, 0.5719434433046854, 0.5978639424193174, 0.6148130949616902
540, 0.791459491079263, 0.5722206820072082, 0.5973995820756908, 0.6148130949616902
541, 0.7916788534659257, 0.5722206820072082, 0.597631762247504, 0.6148130949616902
542, 0.7918982158525885, 0.5722206820072082, 0.5973995820756908, 0.6148130949616902
543, 0.7921906990348055, 0.5722206820072082, 0.5973995820756908, 0.6148130949616902
544, 0.7921175782392512, 0.5722206820072082, 0.5973995820756908, 0.6148130949616902
545, 0.792336940625914, 0.5719434433046854, 0.5980961225911308, 0.6148130949616902
546, 0.7924831822170225, 0.5713889658996396, 0.5987926631065706, 0.6148130949616902
547, 0.7927756653992395, 0.5716662046021624, 0.599024843278384, 0.6148130949616902
548, 0.7927025446036853, 0.5719434433046854, 0.5992570234501974, 0.6148130949616902
549, 0.7927025446036853, 0.5716662046021624, 0.599024843278384, 0.6148130949616902
550, 0.7928487861947938, 0.5722206820072082, 0.5985604829347574, 0.6148130949616902
551, 0.7930681485814566, 0.572775159412254, 0.5980961225911308, 0.6148130949616902
552, 0.7930681485814566, 0.572775159412254, 0.5980961225911308, 0.6148130949616902
553, 0.7931412693770108, 0.572775159412254, 0.5978639424193174, 0.6148130949616902
554, 0.7932143901725651, 0.572775159412254, 0.5980961225911308, 0.6148130949616902
555, 0.7931412693770108, 0.5730523981147768, 0.5987926631065706, 0.6148130949616902
556, 0.7930681485814566, 0.5733296368172996, 0.599024843278384, 0.6148130949616902
557, 0.7932875109681193, 0.5738841142223454, 0.599024843278384, 0.6148130949616902
558, 0.7931412693770108, 0.5744385916273912, 0.5994892036220106, 0.6148130949616902
559, 0.7932875109681193, 0.574993069032437, 0.5994892036220106, 0.6148130949616902
560, 0.7934337525592279, 0.5755475464374826, 0.5994892036220106, 0.6148130949616902
561, 0.7938724773325534, 0.5758247851400056, 0.599721383793824, 0.6148130949616902
562, 0.7939455981281076, 0.5761020238425284, 0.5994892036220106, 0.6148130949616902
563, 0.7938724773325534, 0.5752703077349598, 0.599721383793824, 0.6148130949616902
564, 0.7939455981281076, 0.574993069032437, 0.599721383793824, 0.6148130949616902
565, 0.7938724773325534, 0.5752703077349598, 0.599721383793824, 0.6148130949616902
566, 0.7939455981281076, 0.5752703077349598, 0.599721383793824, 0.6148130949616902
567, 0.7941649605147704, 0.5752703077349598, 0.6001857441374506, 0.6148130949616902
568, 0.7943843229014331, 0.574993069032437, 0.600417924309264, 0.6148130949616902
569, 0.7945305644925417, 0.5755475464374826, 0.6006501044810774, 0.6148130949616902
570, 0.7948230476747588, 0.5752703077349598, 0.601114464824704, 0.6148130949616902
571, 0.7950424100614215, 0.5752703077349598, 0.6013466449965172, 0.6148130949616902
572, 0.7951886516525299, 0.5752703077349598, 0.601114464824704, 0.6148130949616902
573, 0.7954080140391927, 0.5755475464374826, 0.601114464824704, 0.6148130949616902
574, 0.7955542556303012, 0.5752703077349598, 0.601114464824704, 0.6148130949616902
575, 0.7958467388125183, 0.5755475464374826, 0.601114464824704, 0.6148130949616902
576, 0.7959929804036268, 0.5755475464374826, 0.6006501044810774, 0.6148130949616902
577, 0.7962854635858438, 0.5755475464374826, 0.600417924309264, 0.6148130949616902
578, 0.7964317051769523, 0.5761020238425284, 0.600417924309264, 0.6148130949616902
579, 0.7965048259725066, 0.5761020238425284, 0.600417924309264, 0.6148130949616902
580, 0.7966510675636151, 0.5763792625450513, 0.6001857441374506, 0.6148130949616902
581, 0.7967241883591694, 0.5763792625450513, 0.6001857441374506, 0.6148130949616902
582, 0.7967241883591694, 0.5766565012475742, 0.6006501044810774, 0.6148130949616902
583, 0.7967241883591694, 0.5766565012475742, 0.6001857441374506, 0.6148130949616902
584, 0.7968704299502779, 0.5766565012475742, 0.6001857441374506, 0.6148130949616902
585, 0.7968704299502779, 0.5763792625450513, 0.6001857441374506, 0.6148130949616902
586, 0.7970166715413863, 0.5761020238425284, 0.6006501044810774, 0.6148130949616902
587, 0.7971629131324949, 0.5763792625450513, 0.600417924309264, 0.6148130949616902
588, 0.7973091547236034, 0.5766565012475742, 0.599721383793824, 0.6148130949616902
589, 0.7973822755191576, 0.576933739950097, 0.5994892036220106, 0.6148130949616902
590, 0.7973822755191576, 0.576933739950097, 0.5994892036220106, 0.6148130949616902
591, 0.7976016379058204, 0.576933739950097, 0.5994892036220106, 0.6148130949616902
592, 0.7975285171102662, 0.5763792625450513, 0.599721383793824, 0.6148130949616902
593, 0.7977478794969289, 0.5763792625450513, 0.5999535639656374, 0.6148130949616902
594, 0.7976016379058204, 0.5763792625450513, 0.5999535639656374, 0.6148130949616902
595, 0.7978210002924832, 0.5761020238425284, 0.599721383793824, 0.6148130949616902
596, 0.7981866042702545, 0.5761020238425284, 0.5999535639656374, 0.6148130949616902
597, 0.7984059666569172, 0.5763792625450513, 0.6001857441374506, 0.6148130949616902
598, 0.7984790874524715, 0.5763792625450513, 0.5999535639656374, 0.6148130949616902
599, 0.79862532904358, 0.5763792625450513, 0.600417924309264, 0.6148130949616902
600, 0.7986984498391343, 0.5761020238425284, 0.6001857441374506, 0.6148130949616902
601, 0.7986984498391343, 0.5761020238425284, 0.6001857441374506, 0.6148130949616902
602, 0.7987715706346885, 0.5763792625450513, 0.600417924309264, 0.6148130949616902
603, 0.7987715706346885, 0.576933739950097, 0.600417924309264, 0.6148130949616902
604, 0.7988446914302427, 0.5766565012475742, 0.600417924309264, 0.6148130949616902
605, 0.79862532904358, 0.5766565012475742, 0.6001857441374506, 0.6148130949616902
606, 0.798917812225797, 0.5766565012475742, 0.5999535639656374, 0.6148130949616902
607, 0.7993565369991226, 0.576933739950097, 0.5999535639656374, 0.6148130949616902
608, 0.7992834162035682, 0.5766565012475742, 0.6001857441374506, 0.6148130949616902
609, 0.799210295408014, 0.5772109786526199, 0.5999535639656374, 0.6148130949616902
610, 0.7991371746124598, 0.576933739950097, 0.5999535639656374, 0.6148130949616902
611, 0.7991371746124598, 0.576933739950097, 0.5999535639656374, 0.6148130949616902
612, 0.7993565369991226, 0.5772109786526199, 0.599721383793824, 0.6148130949616902
613, 0.7997952617724481, 0.5774882173551428, 0.6006501044810774, 0.6148130949616902
614, 0.8000877449546651, 0.5777654560576656, 0.600417924309264, 0.6148130949616902
615, 0.8003071073413279, 0.5783199334627114, 0.6006501044810774, 0.6148130949616902
616, 0.7997221409768939, 0.576933739950097, 0.601114464824704, 0.6148130949616902
617, 0.8005264697279907, 0.576933739950097, 0.601114464824704, 0.6148130949616902
618, 0.8006727113190991, 0.5772109786526199, 0.6008822846528906, 0.6148130949616902
619, 0.8005995905235449, 0.5772109786526199, 0.6006501044810774, 0.6148130949616902
620, 0.8007458321146534, 0.5774882173551428, 0.6013466449965172, 0.6148130949616902
621, 0.8010383152968704, 0.5772109786526199, 0.6013466449965172, 0.6148130949616902
622, 0.8011114360924246, 0.5772109786526199, 0.6013466449965172, 0.6148130949616902
623, 0.8012576776835332, 0.5774882173551428, 0.6013466449965172, 0.6148130949616902
624, 0.8015501608657503, 0.5774882173551428, 0.6015788251683306, 0.6148130949616902
625, 0.8015501608657503, 0.5772109786526199, 0.6015788251683306, 0.6148130949616902
626, 0.8015501608657503, 0.576933739950097, 0.601811005340144, 0.6148130949616902
627, 0.8014770400701959, 0.576933739950097, 0.6015788251683306, 0.6148130949616902
628, 0.8014770400701959, 0.576933739950097, 0.6013466449965172, 0.6148130949616902
629, 0.8015501608657503, 0.5772109786526199, 0.6013466449965172, 0.6148130949616902
630, 0.8016964024568587, 0.5774882173551428, 0.6013466449965172, 0.6148130949616902
631, 0.8019888856390758, 0.5774882173551428, 0.6013466449965172, 0.6148130949616902
632, 0.8019157648435215, 0.5774882173551428, 0.601114464824704, 0.6148130949616902
633, 0.8019157648435215, 0.5774882173551428, 0.6013466449965172, 0.6148130949616902
634, 0.8019888856390758, 0.5774882173551428, 0.601114464824704, 0.6148130949616902
635, 0.8019888856390758, 0.5780426947601885, 0.601114464824704, 0.6148130949616902
636, 0.80206200643463, 0.5783199334627114, 0.601114464824704, 0.6148130949616902
637, 0.8021351272301843, 0.5777654560576656, 0.601114464824704, 0.6148130949616902
638, 0.80206200643463, 0.5777654560576656, 0.601114464824704, 0.6148130949616902
639, 0.8023544896168471, 0.5774882173551428, 0.601114464824704, 0.6148130949616902
640, 0.8025007312079555, 0.5777654560576656, 0.601114464824704, 0.6148130949616902
641, 0.8025738520035098, 0.5774882173551428, 0.6013466449965172, 0.6148130949616902
642, 0.802646972799064, 0.5774882173551428, 0.6013466449965172, 0.6148130949616902
643, 0.802646972799064, 0.5772109786526199, 0.6008822846528906, 0.6148130949616902
644, 0.8025738520035098, 0.5774882173551428, 0.6006501044810774, 0.6148130949616902
645, 0.8027932143901726, 0.5774882173551428, 0.6006501044810774, 0.6148130949616902
646, 0.8027932143901726, 0.5774882173551428, 0.6008822846528906, 0.6148130949616902
647, 0.8030856975723896, 0.5772109786526199, 0.6013466449965172, 0.6148130949616902
648, 0.8031588183679439, 0.5774882173551428, 0.601114464824704, 0.6148130949616902
649, 0.8034513015501609, 0.5780426947601885, 0.601114464824704, 0.6148130949616902
650, 0.8035975431412694, 0.5780426947601885, 0.6015788251683306, 0.6148130949616902
651, 0.8038169055279322, 0.5777654560576656, 0.6013466449965172, 0.6148130949616902
652, 0.8038900263234864, 0.5772109786526199, 0.6013466449965172, 0.6148130949616902
653, 0.8041825095057035, 0.5772109786526199, 0.601114464824704, 0.6148130949616902
654, 0.8044749926879204, 0.5774882173551428, 0.601114464824704, 0.6148130949616902
655, 0.8048405966656917, 0.5774882173551428, 0.6015788251683306, 0.6148130949616902
656, 0.8050599590523545, 0.5772109786526199, 0.6015788251683306, 0.6148130949616902
657, 0.8051330798479087, 0.5772109786526199, 0.6015788251683306, 0.6148130949616902
658, 0.805206200643463, 0.5772109786526199, 0.6013466449965172, 0.6148130949616902
659, 0.805206200643463, 0.5772109786526199, 0.6013466449965172, 0.6148130949616902
660, 0.8052793214390173, 0.5772109786526199, 0.6015788251683306, 0.6148130949616902
661, 0.8052793214390173, 0.5774882173551428, 0.6015788251683306, 0.6148130949616902
662, 0.8052793214390173, 0.5777654560576656, 0.601811005340144, 0.6148130949616902
663, 0.805206200643463, 0.5780426947601885, 0.601811005340144, 0.6148130949616902
664, 0.8053524422345715, 0.5780426947601885, 0.6022753656837706, 0.6148130949616902
665, 0.8053524422345715, 0.5783199334627114, 0.602507545855584, 0.6148130949616902
666, 0.8051330798479087, 0.57915164957028, 0.602507545855584, 0.6148130949616902
667, 0.8053524422345715, 0.57915164957028, 0.602507545855584, 0.6148130949616902
668, 0.8054255630301258, 0.57915164957028, 0.602507545855584, 0.6148130949616902
669, 0.80549868382568, 0.5788744108677571, 0.603204086371024, 0.6148130949616902
670, 0.8057180462123428, 0.57915164957028, 0.6029719061992106, 0.6148130949616902
671, 0.805791167007897, 0.5797061269753258, 0.603204086371024, 0.6148130949616902
672, 0.805791167007897, 0.5797061269753258, 0.603204086371024, 0.6148130949616902
673, 0.8058642878034513, 0.5794288882728029, 0.603204086371024, 0.6148130949616902
674, 0.8060105293945599, 0.5797061269753258, 0.603204086371024, 0.6148130949616902
675, 0.8060105293945599, 0.5802606043803715, 0.6036684467146506, 0.6148130949616902
676, 0.8062298917812226, 0.5802606043803715, 0.6034362665428372, 0.6148130949616902
677, 0.8060836501901141, 0.5802606043803715, 0.603204086371024, 0.6148130949616902
678, 0.8061567709856683, 0.5802606043803715, 0.6029719061992106, 0.6148130949616902
679, 0.8062298917812226, 0.5802606043803715, 0.6027397260273972, 0.6148130949616902
680, 0.8061567709856683, 0.5802606043803715, 0.6027397260273972, 0.6148130949616902
681, 0.8063030125767768, 0.5802606043803715, 0.6027397260273972, 0.6148130949616902
682, 0.8063030125767768, 0.5802606043803715, 0.6027397260273972, 0.6148130949616902
683, 0.8063030125767768, 0.5799833656778486, 0.6027397260273972, 0.6148130949616902
684, 0.8064492541678854, 0.5797061269753258, 0.6029719061992106, 0.6148130949616902
685, 0.8064492541678854, 0.5797061269753258, 0.6029719061992106, 0.6148130949616902
686, 0.8065954957589938, 0.5797061269753258, 0.6029719061992106, 0.6148130949616902
687, 0.8067417373501024, 0.5797061269753258, 0.6029719061992106, 0.6148130949616902
688, 0.8067417373501024, 0.5799833656778486, 0.6029719061992106, 0.6148130949616902
689, 0.8068148581456567, 0.5799833656778486, 0.6029719061992106, 0.6148130949616902
690, 0.8071804621234279, 0.5802606043803715, 0.6029719061992106, 0.6148130949616902
691, 0.8073998245100906, 0.5802606043803715, 0.6027397260273972, 0.6148130949616902
692, 0.8073998245100906, 0.5802606043803715, 0.6029719061992106, 0.6148130949616902
693, 0.807472945305645, 0.5802606043803715, 0.6029719061992106, 0.6148130949616902
694, 0.8078385492834163, 0.5799833656778486, 0.6027397260273972, 0.6148130949616902
695, 0.8079847908745247, 0.5799833656778486, 0.6022753656837706, 0.6148130949616902
696, 0.8082041532611874, 0.5797061269753258, 0.602507545855584, 0.6148130949616902
697, 0.8082041532611874, 0.5794288882728029, 0.6027397260273972, 0.6148130949616902
698, 0.8082041532611874, 0.5794288882728029, 0.602507545855584, 0.6148130949616902
699, 0.8082772740567418, 0.5794288882728029, 0.6027397260273972, 0.6148130949616902
700, 0.8082772740567418, 0.5794288882728029, 0.6027397260273972, 0.6148130949616902
701, 0.8085697572389587, 0.5794288882728029, 0.6027397260273972, 0.6148130949616902
702, 0.8086428780345131, 0.5794288882728029, 0.6027397260273972, 0.6148130949616902
703, 0.8087159988300673, 0.5794288882728029, 0.6029719061992106, 0.6148130949616902
704, 0.8087159988300673, 0.5794288882728029, 0.6029719061992106, 0.6148130949616902
705, 0.8088622404211758, 0.57915164957028, 0.6029719061992106, 0.6148130949616902
706, 0.8090084820122843, 0.57915164957028, 0.6029719061992106, 0.6148130949616902
707, 0.8090816028078386, 0.57915164957028, 0.6027397260273972, 0.6148130949616902
708, 0.8093009651945013, 0.57915164957028, 0.6029719061992106, 0.6148130949616902
709, 0.809227844398947, 0.57915164957028, 0.6029719061992106, 0.6148130949616902
710, 0.8093740859900556, 0.57915164957028, 0.6029719061992106, 0.6148130949616902
711, 0.809227844398947, 0.57915164957028, 0.603204086371024, 0.6148130949616902
712, 0.8093740859900556, 0.57915164957028, 0.603204086371024, 0.6148130949616902
713, 0.8093740859900556, 0.5797061269753258, 0.603204086371024, 0.6148130949616902
714, 0.8093740859900556, 0.5797061269753258, 0.603204086371024, 0.6148130949616902
715, 0.809227844398947, 0.5797061269753258, 0.6029719061992106, 0.6148130949616902
716, 0.8093009651945013, 0.57915164957028, 0.603204086371024, 0.6148130949616902
717, 0.8091547236033928, 0.5788744108677571, 0.6027397260273972, 0.6148130949616902
718, 0.8090816028078386, 0.5785971721652343, 0.6027397260273972, 0.6148130949616902
719, 0.8091547236033928, 0.5783199334627114, 0.6029719061992106, 0.6148130949616902
720, 0.8093009651945013, 0.5783199334627114, 0.603204086371024, 0.6148130949616902
721, 0.8095203275811641, 0.5783199334627114, 0.6034362665428372, 0.6148130949616902
722, 0.8098128107633811, 0.5785971721652343, 0.6034362665428372, 0.6148130949616902
723, 0.8097396899678269, 0.5788744108677571, 0.603204086371024, 0.6148130949616902
724, 0.8097396899678269, 0.5788744108677571, 0.603204086371024, 0.6148130949616902
725, 0.8098128107633811, 0.5788744108677571, 0.603204086371024, 0.6148130949616902
726, 0.8098859315589354, 0.57915164957028, 0.6029719061992106, 0.6148130949616902
727, 0.8100321731500438, 0.5794288882728029, 0.6034362665428372, 0.6148130949616902
728, 0.8100321731500438, 0.57915164957028, 0.6039006268864638, 0.6148130949616902
729, 0.8102515355367066, 0.5788744108677571, 0.6036684467146506, 0.6148130949616902
730, 0.8103977771278151, 0.5785971721652343, 0.6036684467146506, 0.6148130949616902
731, 0.8106171395144779, 0.5785971721652343, 0.6039006268864638, 0.6148130949616902
732, 0.8104708979233695, 0.5785971721652343, 0.6041328070582772, 0.6148130949616902
733, 0.8106902603100322, 0.5783199334627114, 0.6041328070582772, 0.6148130949616902
734, 0.810909622696695, 0.5777654560576656, 0.6039006268864638, 0.6148130949616902
735, 0.810909622696695, 0.5783199334627114, 0.6039006268864638, 0.6148130949616902
736, 0.8108365019011406, 0.5783199334627114, 0.6041328070582772, 0.6148130949616902
737, 0.8109827434922492, 0.5785971721652343, 0.6045971674019038, 0.6148130949616902
738, 0.8109827434922492, 0.57915164957028, 0.6043649872300906, 0.6148130949616902
739, 0.8108365019011406, 0.57915164957028, 0.6041328070582772, 0.6148130949616902
740, 0.811202105878912, 0.57915164957028, 0.6045971674019038, 0.6148130949616902
741, 0.8110558642878034, 0.5788744108677571, 0.6041328070582772, 0.6148130949616902
742, 0.8113483474700205, 0.57915164957028, 0.6039006268864638, 0.6148130949616902
743, 0.8116408306522375, 0.5788744108677571, 0.6036684467146506, 0.6148130949616902
744, 0.8116408306522375, 0.57915164957028, 0.6041328070582772, 0.6148130949616902
745, 0.8115677098566833, 0.5788744108677571, 0.6029719061992106, 0.6148130949616902
746, 0.811787072243346, 0.5794288882728029, 0.6043649872300906, 0.6148130949616902
747, 0.8114214682655747, 0.5794288882728029, 0.6034362665428372, 0.6148130949616902
748, 0.8118601930389002, 0.5794288882728029, 0.6041328070582772, 0.6148130949616902
749, 0.811494589061129, 0.5797061269753258, 0.603204086371024, 0.6148130949616902
750, 0.812079555425563, 0.57915164957028, 0.6036684467146506, 0.6148130949616902
751, 0.8117139514477918, 0.5794288882728029, 0.603204086371024, 0.6148130949616902
752, 0.8121526762211173, 0.5794288882728029, 0.6039006268864638, 0.6148130949616902
753, 0.8120064346300088, 0.57915164957028, 0.6034362665428372, 0.6148130949616902
754, 0.8121526762211173, 0.5788744108677571, 0.6039006268864638, 0.6148130949616902
755, 0.8122257970166715, 0.5788744108677571, 0.603204086371024, 0.6148130949616902
756, 0.8128107633811056, 0.5794288882728029, 0.6041328070582772, 0.6148130949616902
757, 0.8124451594033343, 0.57915164957028, 0.6034362665428372, 0.6148130949616902
758, 0.8130301257677683, 0.57915164957028, 0.6034362665428372, 0.6148130949616902
759, 0.812664521789997, 0.57915164957028, 0.6029719061992106, 0.6148130949616902
760, 0.8129570049722141, 0.5797061269753258, 0.6034362665428372, 0.6148130949616902
761, 0.8127376425855514, 0.57915164957028, 0.6029719061992106, 0.6148130949616902
762, 0.8131032465633226, 0.5797061269753258, 0.6036684467146506, 0.6148130949616902
763, 0.8129570049722141, 0.5797061269753258, 0.6029719061992106, 0.6148130949616902
764, 0.8130301257677683, 0.5805378430828944, 0.6036684467146506, 0.6148130949616902
765, 0.8131763673588769, 0.5802606043803715, 0.6029719061992106, 0.6148130949616902
766, 0.8134688505410939, 0.5805378430828944, 0.6039006268864638, 0.6148130949616902
767, 0.8131763673588769, 0.5805378430828944, 0.603204086371024, 0.6148130949616902
768, 0.8136882129277566, 0.5802606043803715, 0.6036684467146506, 0.6148130949616902
769, 0.8133957297455396, 0.5799833656778486, 0.603204086371024, 0.6148130949616902
770, 0.8139075753144194, 0.5802606043803715, 0.6034362665428372, 0.6148130949616902
771, 0.8136882129277566, 0.5797061269753258, 0.6029719061992106, 0.6148130949616902
772, 0.8137613337233109, 0.5802606043803715, 0.603204086371024, 0.6148130949616902
773, 0.8137613337233109, 0.5799833656778486, 0.6029719061992106, 0.6148130949616902
774, 0.8137613337233109, 0.5802606043803715, 0.6029719061992106, 0.6148130949616902
775, 0.8137613337233109, 0.5794288882728029, 0.603204086371024, 0.6148130949616902
776, 0.8139075753144194, 0.5799833656778486, 0.6029719061992106, 0.6148130949616902
777, 0.8139806961099737, 0.5794288882728029, 0.6029719061992106, 0.6148130949616902
778, 0.8140538169055279, 0.5799833656778486, 0.6027397260273972, 0.6148130949616902
779, 0.8139806961099737, 0.5788744108677571, 0.603204086371024, 0.6148130949616902
780, 0.8141269377010822, 0.5799833656778486, 0.602507545855584, 0.6148130949616902
781, 0.8141269377010822, 0.5794288882728029, 0.603204086371024, 0.6148130949616902
782, 0.8141269377010822, 0.5805378430828944, 0.6027397260273972, 0.6148130949616902
783, 0.8142000584966365, 0.57915164957028, 0.603204086371024, 0.6148130949616902
784, 0.8141269377010822, 0.5805378430828944, 0.6029719061992106, 0.6148130949616902
785, 0.8142731792921907, 0.5794288882728029, 0.6029719061992106, 0.6148130949616902
786, 0.8142731792921907, 0.5805378430828944, 0.602507545855584, 0.6148130949616902
787, 0.814346300087745, 0.57915164957028, 0.6027397260273972, 0.6148130949616902
788, 0.8144194208832992, 0.5802606043803715, 0.603204086371024, 0.6148130949616902
789, 0.8144925416788534, 0.57915164957028, 0.6022753656837706, 0.6148130949616902
790, 0.8145656624744078, 0.5797061269753258, 0.6034362665428372, 0.6148130949616902
791, 0.8148581456566247, 0.5788744108677571, 0.6022753656837706, 0.6148130949616902
792, 0.8144925416788534, 0.5799833656778486, 0.6036684467146506, 0.6148130949616902
793, 0.8144194208832992, 0.5785971721652343, 0.6022753656837706, 0.6148130949616902
794, 0.8145656624744078, 0.5797061269753258, 0.603204086371024, 0.6148130949616902
795, 0.814638783269962, 0.5783199334627114, 0.602507545855584, 0.6148130949616902
796, 0.8147119040655162, 0.5799833656778486, 0.603204086371024, 0.6148130949616902
797, 0.8145656624744078, 0.5780426947601885, 0.602507545855584, 0.6148130949616902
798, 0.8147119040655162, 0.5797061269753258, 0.6034362665428372, 0.6148130949616902
799, 0.8145656624744078, 0.5780426947601885, 0.6029719061992106, 0.6148130949616902
800, 0.8147850248610705, 0.5799833656778486, 0.603204086371024, 0.6148130949616902
801, 0.8142731792921907, 0.5777654560576656, 0.6029719061992106, 0.6148130949616902
802, 0.8150043872477333, 0.57915164957028, 0.6029719061992106, 0.6148130949616902
803, 0.8142000584966365, 0.5783199334627114, 0.6027397260273972, 0.6148130949616902
804, 0.8150043872477333, 0.5788744108677571, 0.602507545855584, 0.6148130949616902
805, 0.8142000584966365, 0.5785971721652343, 0.6027397260273972, 0.6148130949616902
806, 0.8148581456566247, 0.5788744108677571, 0.602507545855584, 0.6148130949616902
807, 0.814346300087745, 0.5788744108677571, 0.602507545855584, 0.6148130949616902
808, 0.814931266452179, 0.5788744108677571, 0.601811005340144, 0.6148130949616902
809, 0.8144925416788534, 0.5788744108677571, 0.6022753656837706, 0.6148130949616902
810, 0.814931266452179, 0.5794288882728029, 0.6015788251683306, 0.6148130949616902
811, 0.814638783269962, 0.57915164957028, 0.601811005340144, 0.6148130949616902
812, 0.814931266452179, 0.5799833656778486, 0.6013466449965172, 0.6148130949616902
813, 0.8147119040655162, 0.57915164957028, 0.6020431855119572, 0.6148130949616902
814, 0.8150775080432875, 0.5797061269753258, 0.6013466449965172, 0.6148130949616902
815, 0.8147119040655162, 0.5794288882728029, 0.601811005340144, 0.6148130949616902
816, 0.815223749634396, 0.5797061269753258, 0.6015788251683306, 0.6148130949616902
817, 0.814638783269962, 0.57915164957028, 0.6013466449965172, 0.6148130949616902
818, 0.815516232816613, 0.5797061269753258, 0.601811005340144, 0.6148130949616902
819, 0.814638783269962, 0.57915164957028, 0.601811005340144, 0.6148130949616902
820, 0.8156624744077215, 0.5797061269753258, 0.6020431855119572, 0.6148130949616902
821, 0.814638783269962, 0.5797061269753258, 0.6015788251683306, 0.6148130949616902
822, 0.8157355952032758, 0.5794288882728029, 0.601811005340144, 0.6148130949616902
823, 0.814638783269962, 0.5797061269753258, 0.601811005340144, 0.6148130949616902
824, 0.8157355952032758, 0.57915164957028, 0.6020431855119572, 0.6148130949616902
825, 0.8148581456566247, 0.5797061269753258, 0.601811005340144, 0.6148130949616902
826, 0.815516232816613, 0.57915164957028, 0.6020431855119572, 0.6148130949616902
827, 0.8147850248610705, 0.57915164957028, 0.601811005340144, 0.6148130949616902
828, 0.815516232816613, 0.5788744108677571, 0.6020431855119572, 0.6148130949616902
829, 0.814931266452179, 0.57915164957028, 0.601811005340144, 0.6148130949616902
830, 0.8156624744077215, 0.57915164957028, 0.6020431855119572, 0.6148130949616902
831, 0.8150043872477333, 0.5788744108677571, 0.601811005340144, 0.6148130949616902
832, 0.8156624744077215, 0.5797061269753258, 0.6020431855119572, 0.6148130949616902
833, 0.814931266452179, 0.5785971721652343, 0.6020431855119572, 0.6148130949616902
834, 0.8157355952032758, 0.5797061269753258, 0.6022753656837706, 0.6148130949616902
835, 0.814931266452179, 0.5785971721652343, 0.601811005340144, 0.6148130949616902
836, 0.8156624744077215, 0.5797061269753258, 0.6022753656837706, 0.6148130949616902
837, 0.814931266452179, 0.5788744108677571, 0.601811005340144, 0.6148130949616902
838, 0.8159549575899385, 0.5797061269753258, 0.6022753656837706, 0.6148130949616902
839, 0.8151506288388418, 0.5788744108677571, 0.601811005340144, 0.6148130949616902
840, 0.8161743199766014, 0.5797061269753258, 0.6020431855119572, 0.6148130949616902
841, 0.815223749634396, 0.57915164957028, 0.6022753656837706, 0.6148130949616902
842, 0.8161743199766014, 0.5794288882728029, 0.601811005340144, 0.6148130949616902
843, 0.815223749634396, 0.5788744108677571, 0.602507545855584, 0.6148130949616902
844, 0.8163205615677098, 0.5788744108677571, 0.601811005340144, 0.6148130949616902
845, 0.8154431120210588, 0.5788744108677571, 0.6020431855119572, 0.6148130949616902
846, 0.8163205615677098, 0.5785971721652343, 0.602507545855584, 0.6148130949616902
847, 0.8153699912255046, 0.57915164957028, 0.6022753656837706, 0.6148130949616902
848, 0.8165399239543726, 0.57915164957028, 0.6022753656837706, 0.6148130949616902
849, 0.8156624744077215, 0.5794288882728029, 0.6022753656837706, 0.6148130949616902
850, 0.8168324071365897, 0.57915164957028, 0.602507545855584, 0.6148130949616902
851, 0.8156624744077215, 0.5797061269753258, 0.6020431855119572, 0.6148130949616902
852, 0.8167592863410353, 0.57915164957028, 0.6027397260273972, 0.6148130949616902
853, 0.8157355952032758, 0.5794288882728029, 0.6022753656837706, 0.6148130949616902
854, 0.8166130447499269, 0.5794288882728029, 0.602507545855584, 0.6148130949616902
855, 0.8156624744077215, 0.5797061269753258, 0.6022753656837706, 0.6148130949616902
856, 0.8167592863410353, 0.5794288882728029, 0.6027397260273972, 0.6148130949616902
857, 0.8158087159988301, 0.57915164957028, 0.602507545855584, 0.6148130949616902
858, 0.8166861655454811, 0.5794288882728029, 0.602507545855584, 0.6148130949616902
859, 0.8159549575899385, 0.5788744108677571, 0.602507545855584, 0.6148130949616902
860, 0.8168324071365897, 0.57915164957028, 0.602507545855584, 0.6148130949616902
861, 0.8160280783854928, 0.5788744108677571, 0.6022753656837706, 0.6148130949616902
862, 0.8166861655454811, 0.57915164957028, 0.602507545855584, 0.6148130949616902
863, 0.8158087159988301, 0.5788744108677571, 0.6020431855119572, 0.6148130949616902
864, 0.8168324071365897, 0.5794288882728029, 0.6027397260273972, 0.6148130949616902
865, 0.8158087159988301, 0.57915164957028, 0.6020431855119572, 0.6148130949616902
866, 0.8169786487276982, 0.5797061269753258, 0.6022753656837706, 0.6148130949616902
867, 0.8158087159988301, 0.5794288882728029, 0.6015788251683306, 0.6148130949616902
868, 0.8170517695232524, 0.5797061269753258, 0.6022753656837706, 0.6148130949616902
869, 0.8159549575899385, 0.5794288882728029, 0.601811005340144, 0.6148130949616902
870, 0.8172711319099152, 0.57915164957028, 0.6020431855119572, 0.6148130949616902
871, 0.8161011991810471, 0.5797061269753258, 0.6020431855119572, 0.6148130949616902
872, 0.8172711319099152, 0.5783199334627114, 0.601811005340144, 0.6148130949616902
873, 0.8162474407721556, 0.5797061269753258, 0.6015788251683306, 0.6148130949616902
874, 0.817198011114361, 0.5785971721652343, 0.6013466449965172, 0.6148130949616902
875, 0.8161743199766014, 0.5797061269753258, 0.6013466449965172, 0.6148130949616902
876, 0.8172711319099152, 0.5788744108677571, 0.601114464824704, 0.6148130949616902
877, 0.8161743199766014, 0.5799833656778486, 0.6006501044810774, 0.6148130949616902
878, 0.817198011114361, 0.5788744108677571, 0.6006501044810774, 0.6148130949616902
879, 0.8163205615677098, 0.5802606043803715, 0.600417924309264, 0.6148130949616902
880, 0.817198011114361, 0.5794288882728029, 0.6006501044810774, 0.6148130949616902
881, 0.8163205615677098, 0.5805378430828944, 0.600417924309264, 0.6148130949616902
882, 0.8172711319099152, 0.5794288882728029, 0.601114464824704, 0.6148130949616902
883, 0.8163205615677098, 0.5805378430828944, 0.6001857441374506, 0.6148130949616902
884, 0.8172711319099152, 0.5794288882728029, 0.601114464824704, 0.6148130949616902
885, 0.8163205615677098, 0.5802606043803715, 0.6001857441374506, 0.6148130949616902
886, 0.8172711319099152, 0.5797061269753258, 0.6008822846528906, 0.6148130949616902
887, 0.8162474407721556, 0.5799833656778486, 0.6001857441374506, 0.6148130949616902
888, 0.8174173735010237, 0.5797061269753258, 0.6006501044810774, 0.6148130949616902
889, 0.8162474407721556, 0.5802606043803715, 0.600417924309264, 0.6148130949616902
890, 0.8175636150921322, 0.5794288882728029, 0.6006501044810774, 0.6148130949616902
891, 0.8163205615677098, 0.5805378430828944, 0.600417924309264, 0.6148130949616902
892, 0.8177829774787949, 0.5799833656778486, 0.600417924309264, 0.6148130949616902
893, 0.8163205615677098, 0.5805378430828944, 0.5999535639656374, 0.6148130949616902
894, 0.8180023398654578, 0.5799833656778486, 0.600417924309264, 0.6148130949616902
895, 0.8163936823632642, 0.5805378430828944, 0.599721383793824, 0.6148130949616902
896, 0.8180023398654578, 0.5799833656778486, 0.600417924309264, 0.6148130949616902
897, 0.8164668031588184, 0.5802606043803715, 0.6001857441374506, 0.6148130949616902
898, 0.8180023398654578, 0.5799833656778486, 0.5999535639656374, 0.6148130949616902
899, 0.8165399239543726, 0.5799833656778486, 0.6001857441374506, 0.6148130949616902
900, 0.8180023398654578, 0.5802606043803715, 0.5999535639656374, 0.6148130949616902
901, 0.8164668031588184, 0.5805378430828944, 0.6001857441374506, 0.6148130949616902
902, 0.818075460661012, 0.5808150817854173, 0.6001857441374506, 0.6148130949616902
903, 0.8165399239543726, 0.5805378430828944, 0.5999535639656374, 0.6148130949616902
904, 0.8181485814565662, 0.5808150817854173, 0.6001857441374506, 0.6148130949616902
905, 0.8166130447499269, 0.5810923204879401, 0.6001857441374506, 0.6148130949616902
906, 0.8182948230476748, 0.5808150817854173, 0.6001857441374506, 0.6148130949616902
907, 0.8166861655454811, 0.581369559190463, 0.600417924309264, 0.6148130949616902
908, 0.818367943843229, 0.5810923204879401, 0.600417924309264, 0.6148130949616902
909, 0.8167592863410353, 0.5810923204879401, 0.6006501044810774, 0.6148130949616902
910, 0.8182948230476748, 0.581369559190463, 0.5999535639656374, 0.6148130949616902
911, 0.8170517695232524, 0.581369559190463, 0.600417924309264, 0.6148130949616902
912, 0.8181485814565662, 0.581369559190463, 0.6001857441374506, 0.6148130949616902
913, 0.8171248903188066, 0.581369559190463, 0.6001857441374506, 0.6148130949616902
914, 0.818367943843229, 0.581369559190463, 0.6006501044810774, 0.6148130949616902
915, 0.8170517695232524, 0.5816467978929859, 0.6006501044810774, 0.6148130949616902
916, 0.8184410646387833, 0.5816467978929859, 0.6008822846528906, 0.6148130949616902
917, 0.8170517695232524, 0.5816467978929859, 0.6006501044810774, 0.6148130949616902
918, 0.8184410646387833, 0.5819240365955087, 0.601114464824704, 0.6148130949616902
919, 0.8171248903188066, 0.5819240365955087, 0.6006501044810774, 0.6148130949616902
920, 0.8185873062298917, 0.5816467978929859, 0.6013466449965172, 0.6148130949616902
921, 0.817198011114361, 0.5816467978929859, 0.6006501044810774, 0.6148130949616902
922, 0.8185141854343375, 0.5816467978929859, 0.6013466449965172, 0.6148130949616902
923, 0.8171248903188066, 0.581369559190463, 0.6006501044810774, 0.6148130949616902
924, 0.8185141854343375, 0.5819240365955087, 0.6013466449965172, 0.6148130949616902
925, 0.8171248903188066, 0.5816467978929859, 0.6006501044810774, 0.6148130949616902
926, 0.818367943843229, 0.5822012752980316, 0.6015788251683306, 0.6148130949616902
927, 0.8170517695232524, 0.5819240365955087, 0.6006501044810774, 0.6148130949616902
928, 0.8185141854343375, 0.5822012752980316, 0.6013466449965172, 0.6148130949616902
929, 0.8172711319099152, 0.5822012752980316, 0.6006501044810774, 0.6148130949616902
930, 0.8182948230476748, 0.5822012752980316, 0.6013466449965172, 0.6148130949616902
931, 0.817198011114361, 0.5822012752980316, 0.6008822846528906, 0.6148130949616902
932, 0.818367943843229, 0.5822012752980316, 0.6013466449965172, 0.6148130949616902
933, 0.8175636150921322, 0.5822012752980316, 0.6008822846528906, 0.6148130949616902
934, 0.8182948230476748, 0.5827557527030773, 0.601114464824704, 0.6148130949616902
935, 0.8176367358876865, 0.5830329914056003, 0.601114464824704, 0.6148130949616902
936, 0.818367943843229, 0.5827557527030773, 0.601114464824704, 0.6148130949616902
937, 0.8175636150921322, 0.5827557527030773, 0.6008822846528906, 0.6148130949616902
938, 0.8187335478210003, 0.5827557527030773, 0.601114464824704, 0.6148130949616902
939, 0.8177829774787949, 0.5827557527030773, 0.601114464824704, 0.6148130949616902
940, 0.8187335478210003, 0.5830329914056003, 0.6008822846528906, 0.6148130949616902
941, 0.8180023398654578, 0.5827557527030773, 0.6013466449965172, 0.6148130949616902
942, 0.8188797894121088, 0.5827557527030773, 0.6008822846528906, 0.6148130949616902
943, 0.8179292190699035, 0.5827557527030773, 0.601114464824704, 0.6148130949616902
944, 0.8190991517987716, 0.5830329914056003, 0.6006501044810774, 0.6148130949616902
945, 0.8180023398654578, 0.5824785140005545, 0.6008822846528906, 0.6148130949616902
946, 0.8190260310032174, 0.5827557527030773, 0.6008822846528906, 0.6148130949616902
947, 0.8181485814565662, 0.5827557527030773, 0.6008822846528906, 0.6148130949616902
948, 0.8190991517987716, 0.5833102301081231, 0.6006501044810774, 0.6148130949616902
949, 0.818367943843229, 0.5827557527030773, 0.601114464824704, 0.6148130949616902
950, 0.8190991517987716, 0.5830329914056003, 0.6006501044810774, 0.6148130949616902
951, 0.8182948230476748, 0.5827557527030773, 0.6008822846528906, 0.6148130949616902
952, 0.8191722725943258, 0.5830329914056003, 0.600417924309264, 0.6148130949616902
953, 0.8185141854343375, 0.5824785140005545, 0.601114464824704, 0.6148130949616902
954, 0.8190260310032174, 0.5827557527030773, 0.600417924309264, 0.6148130949616902
955, 0.8185873062298917, 0.5822012752980316, 0.601114464824704, 0.6148130949616902
956, 0.8191722725943258, 0.5824785140005545, 0.6006501044810774, 0.6148130949616902
957, 0.8185141854343375, 0.5824785140005545, 0.601114464824704, 0.6148130949616902
958, 0.8190991517987716, 0.5824785140005545, 0.601114464824704, 0.6148130949616902
959, 0.8187335478210003, 0.5822012752980316, 0.6013466449965172, 0.6148130949616902
960, 0.8192453933898801, 0.5827557527030773, 0.601114464824704, 0.6148130949616902
961, 0.8185873062298917, 0.5819240365955087, 0.601114464824704, 0.6148130949616902
962, 0.8191722725943258, 0.5830329914056003, 0.601114464824704, 0.6148130949616902
963, 0.8190260310032174, 0.5816467978929859, 0.601114464824704, 0.6148130949616902
964, 0.8192453933898801, 0.5830329914056003, 0.601114464824704, 0.6148130949616902
965, 0.8186604270254461, 0.5822012752980316, 0.6008822846528906, 0.6148130949616902
966, 0.8191722725943258, 0.5827557527030773, 0.6006501044810774, 0.6148130949616902
967, 0.818952910207663, 0.5816467978929859, 0.601114464824704, 0.6148130949616902
968, 0.8190991517987716, 0.5827557527030773, 0.6008822846528906, 0.6148130949616902
969, 0.8188066686165546, 0.5816467978929859, 0.6013466449965172, 0.6148130949616902
970, 0.8191722725943258, 0.5827557527030773, 0.6001857441374506, 0.6148130949616902
971, 0.818952910207663, 0.5819240365955087, 0.6013466449965172, 0.6148130949616902
972, 0.8193185141854343, 0.5824785140005545, 0.6001857441374506, 0.6148130949616902
973, 0.8188066686165546, 0.5822012752980316, 0.601114464824704, 0.6148130949616902
974, 0.8193185141854343, 0.5822012752980316, 0.600417924309264, 0.6148130949616902
975, 0.8190991517987716, 0.5816467978929859, 0.601114464824704, 0.6148130949616902
976, 0.8194647557765429, 0.5822012752980316, 0.6001857441374506, 0.6148130949616902
977, 0.8190991517987716, 0.581369559190463, 0.601114464824704, 0.6148130949616902
978, 0.8196109973676513, 0.5824785140005545, 0.6001857441374506, 0.6148130949616902
979, 0.8191722725943258, 0.5816467978929859, 0.601114464824704, 0.6148130949616902
980, 0.8196841181632056, 0.5824785140005545, 0.6001857441374506, 0.6148130949616902
981, 0.8190260310032174, 0.5816467978929859, 0.601114464824704, 0.6148130949616902
982, 0.8198303597543142, 0.581369559190463, 0.5999535639656374, 0.6148130949616902
983, 0.8190991517987716, 0.581369559190463, 0.6008822846528906, 0.6148130949616902
984, 0.8194647557765429, 0.5816467978929859, 0.6001857441374506, 0.6148130949616902
985, 0.8190991517987716, 0.5810923204879401, 0.6008822846528906, 0.6148130949616902
986, 0.8196109973676513, 0.5816467978929859, 0.6001857441374506, 0.6148130949616902
987, 0.8192453933898801, 0.5805378430828944, 0.6006501044810774, 0.6148130949616902
988, 0.8196109973676513, 0.581369559190463, 0.5999535639656374, 0.6148130949616902
989, 0.8193916349809885, 0.5808150817854173, 0.6001857441374506, 0.6148130949616902
990, 0.8194647557765429, 0.5808150817854173, 0.5999535639656374, 0.6148130949616902
991, 0.8194647557765429, 0.5805378430828944, 0.600417924309264, 0.6148130949616902
992, 0.8194647557765429, 0.5808150817854173, 0.5999535639656374, 0.6148130949616902
993, 0.8194647557765429, 0.5805378430828944, 0.6001857441374506, 0.6148130949616902
994, 0.8197572389587598, 0.5810923204879401, 0.6001857441374506, 0.6148130949616902
995, 0.8196109973676513, 0.5805378430828944, 0.6001857441374506, 0.6148130949616902
996, 0.8196109973676513, 0.5810923204879401, 0.6001857441374506, 0.6148130949616902
997, 0.8196841181632056, 0.5808150817854173, 0.5999535639656374, 0.6148130949616902
998, 0.8197572389587598, 0.5810923204879401, 0.6001857441374506, 0.6148130949616902
999, 0.8198303597543142, 0.5810923204879401, 0.5999535639656374, 0.6148130949616902
1000, 0.8196841181632056, 0.5808150817854173, 0.6001857441374506, 0.6148130949616902
1001, 0.8199034805498684, 0.5810923204879401, 0.599721383793824, 0.6148130949616902
1002, 0.8197572389587598, 0.5805378430828944, 0.5999535639656374, 0.6148130949616902
1003, 0.8198303597543142, 0.5805378430828944, 0.599721383793824, 0.6148130949616902
1004, 0.8198303597543142, 0.5805378430828944, 0.5999535639656374, 0.6148130949616902
1005, 0.8199034805498684, 0.5808150817854173, 0.599721383793824, 0.6148130949616902
1006, 0.8198303597543142, 0.5805378430828944, 0.5999535639656374, 0.6148130949616902
1007, 0.8200497221409769, 0.5808150817854173, 0.5994892036220106, 0.6148130949616902
1008, 0.8199034805498684, 0.5808150817854173, 0.5999535639656374, 0.6148130949616902
1009, 0.8201959637320854, 0.5808150817854173, 0.599721383793824, 0.6148130949616902
1010, 0.8199766013454226, 0.5810923204879401, 0.5999535639656374, 0.6148130949616902
1011, 0.8204884469143024, 0.5808150817854173, 0.5992570234501974, 0.6148130949616902
1012, 0.8200497221409769, 0.5810923204879401, 0.6001857441374506, 0.6148130949616902
1013, 0.8204153261187481, 0.5808150817854173, 0.5994892036220106, 0.6148130949616902
1014, 0.8200497221409769, 0.5810923204879401, 0.6001857441374506, 0.6148130949616902
1015, 0.8203422053231939, 0.5810923204879401, 0.5992570234501974, 0.6148130949616902
1016, 0.8199766013454226, 0.5810923204879401, 0.600417924309264, 0.6148130949616902
1017, 0.8204884469143024, 0.5808150817854173, 0.599721383793824, 0.6148130949616902
1018, 0.8201228429365311, 0.5810923204879401, 0.600417924309264, 0.6148130949616902
1019, 0.8204153261187481, 0.5810923204879401, 0.5994892036220106, 0.6148130949616902
1020, 0.8199034805498684, 0.5808150817854173, 0.600417924309264, 0.6148130949616902
1021, 0.8207078093009652, 0.581369559190463, 0.5999535639656374, 0.6148130949616902
1022, 0.820634688505411, 0.5808150817854173, 0.6001857441374506, 0.6148130949616902
1023, 0.8205615677098567, 0.5808150817854173, 0.5994892036220106, 0.6148130949616902
1024, 0.8204153261187481, 0.5808150817854173, 0.600417924309264, 0.6148130949616902
1025, 0.820634688505411, 0.5808150817854173, 0.6001857441374506, 0.6148130949616902
1026, 0.8208540508920737, 0.5808150817854173, 0.600417924309264, 0.6148130949616902
1027, 0.8208540508920737, 0.5808150817854173, 0.5999535639656374, 0.6148130949616902
1028, 0.8208540508920737, 0.5805378430828944, 0.6006501044810774, 0.6148130949616902
1029, 0.820927171687628, 0.5808150817854173, 0.600417924309264, 0.6148130949616902
1030, 0.8212196548698449, 0.5805378430828944, 0.6006501044810774, 0.6148130949616902
1031, 0.8210734132787365, 0.5810923204879401, 0.599721383793824, 0.6148130949616902
1032, 0.8213658964609535, 0.5805378430828944, 0.600417924309264, 0.6148130949616902
1033, 0.8210002924831822, 0.5808150817854173, 0.6006501044810774, 0.6148130949616902
1034, 0.8214390172565077, 0.5808150817854173, 0.6006501044810774, 0.6148130949616902
1035, 0.8211465340742907, 0.5802606043803715, 0.6001857441374506, 0.6148130949616902
1036, 0.8215852588476162, 0.5808150817854173, 0.600417924309264, 0.6148130949616902
1037, 0.8210734132787365, 0.5808150817854173, 0.6001857441374506, 0.6148130949616902
1038, 0.821512138052062, 0.5808150817854173, 0.600417924309264, 0.6148130949616902
1039, 0.8210002924831822, 0.5802606043803715, 0.5999535639656374, 0.6148130949616902
1040, 0.8215852588476162, 0.5805378430828944, 0.6006501044810774, 0.6148130949616902
1041, 0.8212196548698449, 0.5802606043803715, 0.600417924309264, 0.6148130949616902
1042, 0.8217315004387248, 0.5805378430828944, 0.6006501044810774, 0.6148130949616902
1043, 0.8213658964609535, 0.5805378430828944, 0.600417924309264, 0.6148130949616902
1044, 0.8218777420298333, 0.5805378430828944, 0.601114464824704, 0.6148130949616902
1045, 0.821512138052062, 0.5799833656778486, 0.6001857441374506, 0.6148130949616902
1046, 0.8218777420298333, 0.5808150817854173, 0.6001857441374506, 0.6148130949616902
1047, 0.8211465340742907, 0.5794288882728029, 0.6001857441374506, 0.6148130949616902
1048, 0.8219508628253875, 0.5802606043803715, 0.6006501044810774, 0.6148130949616902
1049, 0.8214390172565077, 0.5797061269753258, 0.6001857441374506, 0.6148130949616902
1050, 0.821804621234279, 0.5802606043803715, 0.6006501044810774, 0.6148130949616902
1051, 0.8213658964609535, 0.5797061269753258, 0.600417924309264, 0.6148130949616902
1052, 0.8218777420298333, 0.5799833656778486, 0.6008822846528906, 0.6148130949616902
1053, 0.8216583796431706, 0.5794288882728029, 0.6001857441374506, 0.6148130949616902
1054, 0.8220239836209418, 0.5802606043803715, 0.600417924309264, 0.6148130949616902
1055, 0.8212196548698449, 0.5797061269753258, 0.600417924309264, 0.6148130949616902
1056, 0.8219508628253875, 0.5799833656778486, 0.6008822846528906, 0.6148130949616902
1057, 0.8213658964609535, 0.5799833656778486, 0.5999535639656374, 0.6148130949616902
1058, 0.821804621234279, 0.5797061269753258, 0.6001857441374506, 0.6148130949616902
1059, 0.8215852588476162, 0.5797061269753258, 0.6001857441374506, 0.6148130949616902
1060, 0.8220971044164961, 0.5799833656778486, 0.5999535639656374, 0.6148130949616902
1061, 0.8216583796431706, 0.5797061269753258, 0.600417924309264, 0.6148130949616902
1062, 0.8220239836209418, 0.5797061269753258, 0.600417924309264, 0.6148130949616902
1063, 0.8215852588476162, 0.5797061269753258, 0.600417924309264, 0.6148130949616902
1064, 0.8218777420298333, 0.5797061269753258, 0.6006501044810774, 0.6148130949616902
1065, 0.8216583796431706, 0.5794288882728029, 0.600417924309264, 0.6148130949616902
1066, 0.8220239836209418, 0.5794288882728029, 0.6001857441374506, 0.6148130949616902
1067, 0.821804621234279, 0.5802606043803715, 0.600417924309264, 0.6148130949616902
1068, 0.821804621234279, 0.5797061269753258, 0.599721383793824, 0.6148130949616902
1069, 0.8214390172565077, 0.5797061269753258, 0.6006501044810774, 0.6148130949616902
1070, 0.8220239836209418, 0.5797061269753258, 0.600417924309264, 0.6148130949616902
1071, 0.8216583796431706, 0.5799833656778486, 0.6006501044810774, 0.6148130949616902
1072, 0.8218777420298333, 0.5794288882728029, 0.6006501044810774, 0.6148130949616902
1073, 0.8214390172565077, 0.5799833656778486, 0.600417924309264, 0.6148130949616902
1074, 0.8218777420298333, 0.57915164957028, 0.600417924309264, 0.6148130949616902
1075, 0.8216583796431706, 0.5799833656778486, 0.6001857441374506, 0.6148130949616902
1076, 0.8218777420298333, 0.5799833656778486, 0.599721383793824, 0.6148130949616902
1077, 0.8215852588476162, 0.5799833656778486, 0.6006501044810774, 0.6148130949616902
1078, 0.8218777420298333, 0.5802606043803715, 0.6001857441374506, 0.6148130949616902
1079, 0.8218777420298333, 0.5797061269753258, 0.6001857441374506, 0.6148130949616902
1080, 0.821804621234279, 0.5797061269753258, 0.6001857441374506, 0.6148130949616902
1081, 0.821804621234279, 0.5802606043803715, 0.600417924309264, 0.6148130949616902
1082, 0.8220971044164961, 0.5797061269753258, 0.600417924309264, 0.6148130949616902
1083, 0.8218777420298333, 0.5802606043803715, 0.6001857441374506, 0.6148130949616902
1084, 0.8220239836209418, 0.5794288882728029, 0.600417924309264, 0.6148130949616902
1085, 0.8220971044164961, 0.5802606043803715, 0.600417924309264, 0.6148130949616902
1086, 0.8220239836209418, 0.5797061269753258, 0.600417924309264, 0.6148130949616902
1087, 0.8220971044164961, 0.5799833656778486, 0.6001857441374506, 0.6148130949616902
1088, 0.8221702252120503, 0.5794288882728029, 0.6001857441374506, 0.6148130949616902
1089, 0.8220239836209418, 0.5802606043803715, 0.6001857441374506, 0.6148130949616902
1090, 0.8221702252120503, 0.5797061269753258, 0.5999535639656374, 0.6148130949616902
1091, 0.8220239836209418, 0.5802606043803715, 0.6001857441374506, 0.6148130949616902
1092, 0.8223895875987131, 0.5797061269753258, 0.599721383793824, 0.6148130949616902
1093, 0.8223164668031588, 0.5797061269753258, 0.5999535639656374, 0.6148130949616902
1094, 0.8221702252120503, 0.5794288882728029, 0.599721383793824, 0.6148130949616902
1095, 0.8223895875987131, 0.5797061269753258, 0.6001857441374506, 0.6148130949616902
1096, 0.8224627083942674, 0.5794288882728029, 0.599721383793824, 0.6148130949616902
1097, 0.8226820707809301, 0.5799833656778486, 0.5999535639656374, 0.6148130949616902
1098, 0.8226820707809301, 0.5797061269753258, 0.5994892036220106, 0.6148130949616902
1099, 0.8227551915764844, 0.5797061269753258, 0.5994892036220106, 0.6148130949616902
1100, 0.8225358291898216, 0.5794288882728029, 0.5992570234501974, 0.6148130949616902
1101, 0.8227551915764844, 0.5799833656778486, 0.5992570234501974, 0.6148130949616902
1102, 0.8226820707809301, 0.5797061269753258, 0.599721383793824, 0.6148130949616902
1103, 0.8227551915764844, 0.5802606043803715, 0.5994892036220106, 0.6148130949616902
1104, 0.8226820707809301, 0.5799833656778486, 0.5992570234501974, 0.6148130949616902
1105, 0.8229014331675929, 0.5805378430828944, 0.5994892036220106, 0.6148130949616902
1106, 0.8226089499853758, 0.5797061269753258, 0.6001857441374506, 0.6148130949616902
1107, 0.8229745539631471, 0.5805378430828944, 0.5994892036220106, 0.6148130949616902
1108, 0.8229014331675929, 0.5802606043803715, 0.6001857441374506, 0.6148130949616902
1109, 0.8231207955542557, 0.5802606043803715, 0.5992570234501974, 0.6148130949616902
1110, 0.8230476747587013, 0.5797061269753258, 0.600417924309264, 0.6148130949616902
1111, 0.8232670371453641, 0.5805378430828944, 0.599721383793824, 0.6148130949616902
1112, 0.8231207955542557, 0.5797061269753258, 0.5999535639656374, 0.6148130949616902
1113, 0.8230476747587013, 0.5805378430828944, 0.5999535639656374, 0.6148130949616902
1114, 0.8229745539631471, 0.5797061269753258, 0.5999535639656374, 0.6148130949616902
1115, 0.8229014331675929, 0.5805378430828944, 0.5999535639656374, 0.6148130949616902
1116, 0.8228283123720386, 0.5805378430828944, 0.599721383793824, 0.6148130949616902
1117, 0.8231207955542557, 0.5805378430828944, 0.5999535639656374, 0.6148130949616902
1118, 0.8230476747587013, 0.57915164957028, 0.600417924309264, 0.6148130949616902
1119, 0.8229745539631471, 0.5805378430828944, 0.6001857441374506, 0.6148130949616902
1120, 0.8229014331675929, 0.5799833656778486, 0.5999535639656374, 0.6148130949616902
1121, 0.8229014331675929, 0.5808150817854173, 0.5999535639656374, 0.6148130949616902
1122, 0.8226820707809301, 0.5797061269753258, 0.6001857441374506, 0.6148130949616902
1123, 0.8229745539631471, 0.5802606043803715, 0.599721383793824, 0.6148130949616902
1124, 0.8227551915764844, 0.5794288882728029, 0.5999535639656374, 0.6148130949616902
1125, 0.8229745539631471, 0.5805378430828944, 0.5999535639656374, 0.6148130949616902
1126, 0.8230476747587013, 0.5797061269753258, 0.5999535639656374, 0.6148130949616902
1127, 0.8229745539631471, 0.5799833656778486, 0.6001857441374506, 0.6148130949616902
1128, 0.8229014331675929, 0.5797061269753258, 0.5994892036220106, 0.6148130949616902
1129, 0.8232670371453641, 0.5805378430828944, 0.601114464824704, 0.6148130949616902
1130, 0.8231939163498099, 0.5797061269753258, 0.599721383793824, 0.6148130949616902
1131, 0.823486399532027, 0.5799833656778486, 0.6006501044810774, 0.6148130949616902
1132, 0.8233401579409184, 0.5797061269753258, 0.6001857441374506, 0.6148130949616902
1133, 0.8236326411231354, 0.581369559190463, 0.6008822846528906, 0.6148130949616902
1134, 0.823486399532027, 0.5799833656778486, 0.5999535639656374, 0.6148130949616902
1135, 0.8237788827142439, 0.5808150817854173, 0.600417924309264, 0.6148130949616902
1136, 0.8232670371453641, 0.5802606043803715, 0.6001857441374506, 0.6148130949616902
1137, 0.8235595203275812, 0.5805378430828944, 0.6006501044810774, 0.6148130949616902
1138, 0.823486399532027, 0.5799833656778486, 0.599721383793824, 0.6148130949616902
1139, 0.8234132787364726, 0.5808150817854173, 0.6001857441374506, 0.6148130949616902
1140, 0.823486399532027, 0.5797061269753258, 0.599721383793824, 0.6148130949616902
1141, 0.823486399532027, 0.5808150817854173, 0.600417924309264, 0.6148130949616902
1142, 0.8237788827142439, 0.5802606043803715, 0.6006501044810774, 0.6148130949616902
1143, 0.8232670371453641, 0.5808150817854173, 0.5999535639656374, 0.6148130949616902
1144, 0.8237788827142439, 0.5805378430828944, 0.5999535639656374, 0.6148130949616902
1145, 0.8234132787364726, 0.5805378430828944, 0.6001857441374506, 0.6148130949616902
1146, 0.8235595203275812, 0.5808150817854173, 0.600417924309264, 0.6148130949616902
1147, 0.8234132787364726, 0.5799833656778486, 0.6001857441374506, 0.6148130949616902
1148, 0.8238520035097981, 0.5808150817854173, 0.6001857441374506, 0.6148130949616902

