/Library/Java/JavaVirtualMachines/jdk1.8.0_111.jdk/Contents/Home/bin/java -Didea.launcher.port=7557 "-Didea.launcher.bin.path=/Applications/IntelliJ IDEA CE.app/Contents/bin" -Dfile.encoding=UTF-8 -classpath "/Library/Java/JavaVirtualMachines/jdk1.8.0_111.jdk/Contents/Home/jre/lib/charsets.jar:/Library/Java/JavaVirtualMachines/jdk1.8.0_111.jdk/Contents/Home/jre/lib/deploy.jar:/Library/Java/JavaVirtualMachines/jdk1.8.0_111.jdk/Contents/Home/jre/lib/ext/cldrdata.jar:/Library/Java/JavaVirtualMachines/jdk1.8.0_111.jdk/Contents/Home/jre/lib/ext/dnsns.jar:/Library/Java/JavaVirtualMachines/jdk1.8.0_111.jdk/Contents/Home/jre/lib/ext/jaccess.jar:/Library/Java/JavaVirtualMachines/jdk1.8.0_111.jdk/Contents/Home/jre/lib/ext/jfxrt.jar:/Library/Java/JavaVirtualMachines/jdk1.8.0_111.jdk/Contents/Home/jre/lib/ext/localedata.jar:/Library/Java/JavaVirtualMachines/jdk1.8.0_111.jdk/Contents/Home/jre/lib/ext/nashorn.jar:/Library/Java/JavaVirtualMachines/jdk1.8.0_111.jdk/Contents/Home/jre/lib/ext/sunec.jar:/Library/Java/JavaVirtualMachines/jdk1.8.0_111.jdk/Contents/Home/jre/lib/ext/sunjce_provider.jar:/Library/Java/JavaVirtualMachines/jdk1.8.0_111.jdk/Contents/Home/jre/lib/ext/sunpkcs11.jar:/Library/Java/JavaVirtualMachines/jdk1.8.0_111.jdk/Contents/Home/jre/lib/ext/zipfs.jar:/Library/Java/JavaVirtualMachines/jdk1.8.0_111.jdk/Contents/Home/jre/lib/javaws.jar:/Library/Java/JavaVirtualMachines/jdk1.8.0_111.jdk/Contents/Home/jre/lib/jce.jar:/Library/Java/JavaVirtualMachines/jdk1.8.0_111.jdk/Contents/Home/jre/lib/jfr.jar:/Library/Java/JavaVirtualMachines/jdk1.8.0_111.jdk/Contents/Home/jre/lib/jfxswt.jar:/Library/Java/JavaVirtualMachines/jdk1.8.0_111.jdk/Contents/Home/jre/lib/jsse.jar:/Library/Java/JavaVirtualMachines/jdk1.8.0_111.jdk/Contents/Home/jre/lib/management-agent.jar:/Library/Java/JavaVirtualMachines/jdk1.8.0_111.jdk/Contents/Home/jre/lib/plugin.jar:/Library/Java/JavaVirtualMachines/jdk1.8.0_111.jdk/Contents/Home/jre/lib/resources.jar:/Library/Java/JavaVirtualMachines/jdk1.8.0_111.jdk/Contents/Home/jre/lib/rt.jar:/Library/Java/JavaVirtualMachines/jdk1.8.0_111.jdk/Contents/Home/lib/ant-javafx.jar:/Library/Java/JavaVirtualMachines/jdk1.8.0_111.jdk/Contents/Home/lib/dt.jar:/Library/Java/JavaVirtualMachines/jdk1.8.0_111.jdk/Contents/Home/lib/javafx-mx.jar:/Library/Java/JavaVirtualMachines/jdk1.8.0_111.jdk/Contents/Home/lib/jconsole.jar:/Library/Java/JavaVirtualMachines/jdk1.8.0_111.jdk/Contents/Home/lib/packager.jar:/Library/Java/JavaVirtualMachines/jdk1.8.0_111.jdk/Contents/Home/lib/sa-jdi.jar:/Library/Java/JavaVirtualMachines/jdk1.8.0_111.jdk/Contents/Home/lib/tools.jar:/Users/zhicheng/Documents/IDEAProjects/CS838-DeepLearning/Lab2/out/production/Lab2:/Applications/IntelliJ IDEA CE.app/Contents/lib/idea_rt.jar" com.intellij.rt.execution.application.AppMain Lab2
Units: 10, rate: 0.5, dropout: 1.0, weight_decay: 0.0, momentum: 0.0
if (k == 200) network.rate = 0.1;
0, 0.19720678560982743, 0.15331300249514832, 0.2591130717436731, 0.2591130717436731
1, 0.19720678560982743, 0.15331300249514832, 0.2591130717436731, 0.2591130717436731
2, 0.19720678560982743, 0.15331300249514832, 0.2591130717436731, 0.2591130717436731
3, 0.19720678560982743, 0.15331300249514832, 0.2591130717436731, 0.2591130717436731
4, 0.19720678560982743, 0.15331300249514832, 0.2591130717436731, 0.2591130717436731
5, 0.19720678560982743, 0.15331300249514832, 0.2591130717436731, 0.2591130717436731
6, 0.19720678560982743, 0.15331300249514832, 0.2591130717436731, 0.2591130717436731
7, 0.19720678560982743, 0.15331300249514832, 0.2591130717436731, 0.2591130717436731
8, 0.19720678560982743, 0.15331300249514832, 0.2591130717436731, 0.2591130717436731
9, 0.19720678560982743, 0.15331300249514832, 0.2591130717436731, 0.2591130717436731
10, 0.19720678560982743, 0.15331300249514832, 0.2591130717436731, 0.2591130717436731
11, 0.19720678560982743, 0.15331300249514832, 0.2591130717436731, 0.2591130717436731
12, 0.19720678560982743, 0.15331300249514832, 0.2591130717436731, 0.2591130717436731
13, 0.19720678560982743, 0.15331300249514832, 0.2591130717436731, 0.2591130717436731
14, 0.19720678560982743, 0.15331300249514832, 0.2591130717436731, 0.2591130717436731
15, 0.19720678560982743, 0.15331300249514832, 0.2591130717436731, 0.2591130717436731
16, 0.19720678560982743, 0.15331300249514832, 0.2591130717436731, 0.2591130717436731
17, 0.19720678560982743, 0.15331300249514832, 0.2591130717436731, 0.2591130717436731
18, 0.19720678560982743, 0.15331300249514832, 0.2591130717436731, 0.2591130717436731
19, 0.19720678560982743, 0.15331300249514832, 0.2591130717436731, 0.2591130717436731
20, 0.19720678560982743, 0.15331300249514832, 0.2591130717436731, 0.2591130717436731
21, 0.19720678560982743, 0.15331300249514832, 0.2591130717436731, 0.2591130717436731
22, 0.19720678560982743, 0.15331300249514832, 0.2591130717436731, 0.2591130717436731
23, 0.19720678560982743, 0.15331300249514832, 0.2591130717436731, 0.2591130717436731
24, 0.19720678560982743, 0.15331300249514832, 0.2591130717436731, 0.2591130717436731
25, 0.21263527347177538, 0.17410590518436372, 0.2762944044578593, 0.2762944044578593
26, 0.21351272301842644, 0.17493762129193235, 0.276758764801486, 0.276758764801486
27, 0.21482889733840305, 0.17604657610202384, 0.2786162061759926, 0.2786162061759926
28, 0.42366188944135713, 0.37454948710840036, 0.5054562340376132, 0.5054562340376132
29, 0.511699327288681, 0.4593845300803992, 0.5781286278151846, 0.5781286278151846
30, 0.5182070780930097, 0.4585528139728306, 0.5813791502205712, 0.5813791502205712
31, 0.5139660719508629, 0.4546714721375104, 0.5823078709078244, 0.5823078709078244
32, 0.5254460368528809, 0.4696423620737455, 0.587648014859531, 0.587648014859531
33, 0.5293214390172565, 0.47186027169392847, 0.585558393313211, 0.587648014859531
34, 0.5317344252705469, 0.4746326587191572, 0.5871836545159044, 0.587648014859531
35, 0.5307107341327874, 0.4696423620737455, 0.5857905734850244, 0.587648014859531
36, 0.53487861947938, 0.47130579428888275, 0.589041095890411, 0.589041095890411
37, 0.5329774787949693, 0.4677016911560854, 0.5853262131413978, 0.589041095890411
38, 0.533196841181632, 0.47019683947879126, 0.5864871140004644, 0.589041095890411
39, 0.5336355659549575, 0.4715830329914056, 0.585558393313211, 0.589041095890411
40, 0.5371453641415619, 0.47241474909897424, 0.5850940329695844, 0.589041095890411
41, 0.541459491079263, 0.47213751039645135, 0.5832365915950778, 0.589041095890411
42, 0.5405820415326119, 0.47380094261158856, 0.5839331321105178, 0.589041095890411
43, 0.5408014039192747, 0.470751316883837, 0.5788251683306246, 0.589041095890411
44, 0.5406551623281661, 0.466315497643471, 0.577664267471558, 0.589041095890411
45, 0.5410207663059374, 0.4654837815359024, 0.5797538890178778, 0.589041095890411
46, 0.5413863702837087, 0.46520654283337953, 0.5806826097051312, 0.589041095890411
47, 0.5402895583503948, 0.4616024397005822, 0.5795217088460646, 0.589041095890411
48, 0.5402895583503948, 0.46132520099805935, 0.5806826097051312, 0.589041095890411
49, 0.5372916057326703, 0.45494871084003324, 0.5778964476433712, 0.589041095890411
50, 0.5356098274349225, 0.45273080121985027, 0.574878105409798, 0.589041095890411
51, 0.5378765720971044, 0.4566121430551705, 0.576271186440678, 0.589041095890411
52, 0.5367066393682364, 0.45328527862489604, 0.5718597631762248, 0.589041095890411
53, 0.5342205323193916, 0.4471860271693929, 0.5669839795681448, 0.589041095890411
54, 0.5378034513015502, 0.44995841419462157, 0.5672161597399582, 0.589041095890411
55, 0.539485229599298, 0.44912669808705297, 0.5660552588808916, 0.589041095890411
56, 0.5386809008482012, 0.4471860271693929, 0.5651265381936382, 0.589041095890411
57, 0.5368528809593448, 0.4463543110618242, 0.564894358021825, 0.589041095890411
58, 0.5321000292483182, 0.44053229830884394, 0.560715114929185, 0.589041095890411
59, 0.526615969581749, 0.436096479068478, 0.5551427908056652, 0.589041095890411
60, 0.5296139221994736, 0.43831438868866096, 0.5553749709774786, 0.589041095890411
61, 0.5312225797016672, 0.43720543387856947, 0.5567680520083584, 0.589041095890411
62, 0.533196841181632, 0.4385916273911838, 0.559322033898305, 0.589041095890411
63, 0.5353173442527055, 0.4397005822012753, 0.5565358718365452, 0.589041095890411
64, 0.5348054986838257, 0.43942334349875245, 0.5583933132110518, 0.589041095890411
65, 0.5345130155016087, 0.44025505960632105, 0.5565358718365452, 0.589041095890411
66, 0.5350248610704884, 0.4388688660937067, 0.5565358718365452, 0.589041095890411
67, 0.5350979818660427, 0.43942334349875245, 0.5586254933828652, 0.589041095890411
68, 0.5341474115238374, 0.436096479068478, 0.5563036916647318, 0.589041095890411
69, 0.5374378473237789, 0.4385916273911838, 0.5565358718365452, 0.589041095890411
70, 0.5408745247148289, 0.44136401441641254, 0.5583933132110518, 0.589041095890411
71, 0.5400701959637321, 0.43997782090379817, 0.5551427908056652, 0.589041095890411
72, 0.5410207663059374, 0.44080953701136677, 0.5537497097747852, 0.589041095890411
73, 0.5412401286926002, 0.44164125311893543, 0.5549106106338518, 0.589041095890411
74, 0.5446768060836502, 0.4427502079290269, 0.5532853494311586, 0.589041095890411
75, 0.539485229599298, 0.43997782090379817, 0.5530531692593452, 0.589041095890411
76, 0.5444574436969875, 0.44219573052398115, 0.5516600882284652, 0.589041095890411
77, 0.5454080140391927, 0.4438591627391184, 0.5523566287439052, 0.589041095890411
78, 0.545481134834747, 0.44053229830884394, 0.5525888089157186, 0.589041095890411
79, 0.5473822755191576, 0.44302744663154975, 0.5532853494311586, 0.589041095890411
80, 0.5511114360924246, 0.44330468533407263, 0.5567680520083584, 0.589041095890411
81, 0.5546943550745832, 0.4466315497643471, 0.5544462502902252, 0.589041095890411
82, 0.5480403626791459, 0.44164125311893543, 0.5488739261667054, 0.589041095890411
83, 0.5535975431412694, 0.444690878846687, 0.5560715114929186, 0.589041095890411
84, 0.5535975431412694, 0.44219573052398115, 0.5546784304620386, 0.589041095890411
85, 0.5533781807546067, 0.43831438868866096, 0.553517529602972, 0.589041095890411
86, 0.5481134834747002, 0.4327696146382035, 0.5467843046203854, 0.589041095890411
87, 0.5470166715413863, 0.436096479068478, 0.5467843046203854, 0.589041095890411
88, 0.5525738520035098, 0.4358192403659551, 0.5488739261667054, 0.589041095890411
89, 0.554913717461246, 0.4380371499861381, 0.5516600882284652, 0.589041095890411
90, 0.5573998245100906, 0.4380371499861381, 0.552124448572092, 0.589041095890411
91, 0.5581310324656332, 0.43914610479622956, 0.5495704666821454, 0.589041095890411
92, 0.5610558642878034, 0.44025505960632105, 0.552820989087532, 0.589041095890411
93, 0.5596665691722726, 0.44330468533407263, 0.5518922684002786, 0.589041095890411
94, 0.5641269377010822, 0.44108677571388966, 0.5553749709774786, 0.589041095890411
95, 0.5616408306522375, 0.44080953701136677, 0.552124448572092, 0.589041095890411
96, 0.5622257970166715, 0.43942334349875245, 0.5523566287439052, 0.589041095890411
97, 0.5584235156478502, 0.4385916273911838, 0.5518922684002786, 0.589041095890411
98, 0.5599590523544896, 0.4385916273911838, 0.5484095658230788, 0.589041095890411
99, 0.5554255630301258, 0.4385916273911838, 0.547945205479452, 0.589041095890411
100, 0.5614214682655747, 0.4427502079290269, 0.5502670071975854, 0.589041095890411
101, 0.5603246563322609, 0.44136401441641254, 0.5477130253076388, 0.589041095890411
102, 0.5578385492834163, 0.4397005822012753, 0.5474808451358254, 0.589041095890411
103, 0.5607633811055864, 0.44053229830884394, 0.5523566287439052, 0.589041095890411
104, 0.5603977771278151, 0.43942334349875245, 0.5511957278848386, 0.589041095890411
105, 0.5665399239543726, 0.44302744663154975, 0.5542140701184118, 0.589041095890411
106, 0.5688066686165546, 0.4474632658719157, 0.5551427908056652, 0.589041095890411
107, 0.5644194208832992, 0.44330468533407263, 0.5525888089157186, 0.589041095890411
108, 0.5634688505410939, 0.4427502079290269, 0.552820989087532, 0.589041095890411
109, 0.5653699912255046, 0.44330468533407263, 0.5549106106338518, 0.589041095890411
110, 0.5628107633811056, 0.4388688660937067, 0.5525888089157186, 0.589041095890411
111, 0.5602515355367066, 0.4380371499861381, 0.550731367541212, 0.589041095890411
112, 0.5667592863410353, 0.44302744663154975, 0.5560715114929186, 0.589041095890411
113, 0.5616408306522375, 0.4380371499861381, 0.551427908056652, 0.589041095890411
114, 0.568952910207663, 0.4444136401441641, 0.5560715114929186, 0.589041095890411
115, 0.5676367358876865, 0.4455225949542556, 0.5546784304620386, 0.589041095890411
116, 0.5686604270254461, 0.44413640144164124, 0.5532853494311586, 0.589041095890411
117, 0.5704153261187481, 0.44191849182145826, 0.5498026468539586, 0.589041095890411
118, 0.5750950570342205, 0.4482949819794843, 0.5484095658230788, 0.589041095890411
119, 0.5696841181632056, 0.4438591627391184, 0.5495704666821454, 0.589041095890411
120, 0.5711465340742907, 0.4438591627391184, 0.548641745994892, 0.589041095890411
121, 0.5677829774787949, 0.4369281951760466, 0.549338286510332, 0.589041095890411
122, 0.5774349224919567, 0.44219573052398115, 0.546552124448572, 0.589041095890411
123, 0.5819684118163205, 0.4507901303021902, 0.5532853494311586, 0.589041095890411
124, 0.5736326411231354, 0.44191849182145826, 0.5463199442767588, 0.589041095890411
125, 0.5788242176074876, 0.4455225949542556, 0.5456234037613188, 0.589041095890411
126, 0.5890611289850833, 0.45605766565012473, 0.5525888089157186, 0.589041095890411
127, 0.584966364434045, 0.4474632658719157, 0.5498026468539586, 0.589041095890411
128, 0.5927902895583504, 0.4566121430551705, 0.5537497097747852, 0.589041095890411
129, 0.5841620356829482, 0.4485722206820072, 0.547945205479452, 0.589041095890411
130, 0.5821877742029833, 0.45245356251732743, 0.5442303227304388, 0.589041095890411
131, 0.5829189821585259, 0.4516218464097588, 0.5481773856512654, 0.589041095890411
132, 0.5894267329628546, 0.4585528139728306, 0.5516600882284652, 0.589041095890411
133, 0.5874524714828897, 0.4507901303021902, 0.5481773856512654, 0.589041095890411
134, 0.5830652237496344, 0.4496811754920987, 0.5488739261667054, 0.589041095890411
135, 0.59037730330506, 0.455503188245079, 0.553517529602972, 0.589041095890411
136, 0.5927902895583504, 0.4588300526753535, 0.5518922684002786, 0.589041095890411
137, 0.5950570342205324, 0.4574438591627391, 0.5549106106338518, 0.589041095890411
138, 0.5938871014916642, 0.4568893817576934, 0.5542140701184118, 0.589041095890411
139, 0.5891342497806377, 0.4516218464097588, 0.5511957278848386, 0.589041095890411
140, 0.5950570342205324, 0.4607707235930136, 0.552820989087532, 0.589041095890411
141, 0.5924978063761334, 0.4563349043526476, 0.5509635477130254, 0.589041095890411
142, 0.5952763966071951, 0.4563349043526476, 0.5525888089157186, 0.589041095890411
143, 0.598420590816028, 0.4596617687829221, 0.552820989087532, 0.589041095890411
144, 0.5894998537584089, 0.45300803992237315, 0.550034827025772, 0.589041095890411
145, 0.5942527054694355, 0.45189908511228166, 0.5530531692593452, 0.589041095890411
146, 0.5968850541093887, 0.45300803992237315, 0.5544462502902252, 0.589041095890411
147, 0.5908160280783855, 0.45023565289714446, 0.5532853494311586, 0.589041095890411
148, 0.5980549868382568, 0.45494871084003324, 0.5565358718365452, 0.589041095890411
149, 0.5904504241006142, 0.4485722206820072, 0.5509635477130254, 0.589041095890411
150, 0.5965925709271717, 0.4505128915996673, 0.552820989087532, 0.589041095890411
151, 0.5955688797894121, 0.45217632381480455, 0.552820989087532, 0.589041095890411
152, 0.5936677391050015, 0.45106736900471306, 0.5525888089157186, 0.589041095890411
153, 0.5884761626206493, 0.4477405045744386, 0.5509635477130254, 0.589041095890411
154, 0.5964463293360632, 0.4496811754920987, 0.5542140701184118, 0.589041095890411
155, 0.5981281076338111, 0.45273080121985027, 0.5516600882284652, 0.589041095890411
156, 0.6070488446914303, 0.45910729137787637, 0.5567680520083584, 0.589041095890411
157, 0.5983474700204738, 0.45106736900471306, 0.5509635477130254, 0.589041095890411
158, 0.5942527054694355, 0.45023565289714446, 0.5495704666821454, 0.589041095890411
159, 0.5982743492249196, 0.45217632381480455, 0.5544462502902252, 0.589041095890411
160, 0.6087306229891781, 0.46215691710562795, 0.5574645925237984, 0.589041095890411
161, 0.6068294823047675, 0.46104796229553646, 0.5583933132110518, 0.589041095890411
162, 0.5963732085405089, 0.45189908511228166, 0.5502670071975854, 0.589041095890411
163, 0.6036852880959345, 0.4593845300803992, 0.5572324123519852, 0.589041095890411
164, 0.6079994150336355, 0.46271139451067367, 0.5604829347573718, 0.589041095890411
165, 0.60756069026031, 0.4568893817576934, 0.5576967726956118, 0.589041095890411
166, 0.613556595495759, 0.4668699750485168, 0.5556071511492918, 0.589041095890411
167, 0.6118748171980111, 0.46326587191571944, 0.5572324123519852, 0.589041095890411
168, 0.6086575021936239, 0.46492930413085665, 0.5595542140701184, 0.589041095890411
169, 0.61099736765136, 0.4657610202384253, 0.5611794752728118, 0.589041095890411
170, 0.6070488446914303, 0.46215691710562795, 0.560018574413745, 0.589041095890411
171, 0.605805791167008, 0.46215691710562795, 0.5576967726956118, 0.589041095890411
172, 0.6086575021936239, 0.4654837815359024, 0.5588576735546784, 0.589041095890411
173, 0.6132641123135419, 0.46409758802328804, 0.5588576735546784, 0.589041095890411
174, 0.6144340450424101, 0.4682561685611311, 0.5602507545855584, 0.589041095890411
175, 0.6015647850248611, 0.4593845300803992, 0.553517529602972, 0.589041095890411
176, 0.607268207078093, 0.46215691710562795, 0.5579289528674252, 0.589041095890411
177, 0.6150190114068441, 0.4677016911560854, 0.562804736475505, 0.589041095890411
178, 0.6137759578824218, 0.4679789298586083, 0.5602507545855584, 0.589041095890411
179, 0.6058789119625622, 0.4604934848904907, 0.5542140701184118, 0.589041095890411
180, 0.6104855220824803, 0.46382034932076516, 0.5567680520083584, 0.589041095890411
181, 0.610412401286926, 0.4604934848904907, 0.5590898537264918, 0.589041095890411
182, 0.6055864287803451, 0.4563349043526476, 0.5523566287439052, 0.589041095890411
183, 0.6055864287803451, 0.455503188245079, 0.5546784304620386, 0.589041095890411
184, 0.6095349517402749, 0.4563349043526476, 0.5586254933828652, 0.589041095890411
185, 0.6133372331090963, 0.4604934848904907, 0.5570002321801718, 0.589041095890411
186, 0.6078531734425271, 0.45522594954255613, 0.553517529602972, 0.589041095890411
187, 0.6150190114068441, 0.4593845300803992, 0.5574645925237984, 0.589041095890411
188, 0.610119918104709, 0.4571666204602162, 0.5583933132110518, 0.589041095890411
189, 0.6100467973091547, 0.4574438591627391, 0.5556071511492918, 0.589041095890411
190, 0.6093887101491664, 0.4585528139728306, 0.5558393313211052, 0.589041095890411
191, 0.6047821000292484, 0.4571666204602162, 0.551427908056652, 0.589041095890411
192, 0.6101930389002632, 0.4585528139728306, 0.5542140701184118, 0.589041095890411
193, 0.6105586428780345, 0.4574438591627391, 0.553517529602972, 0.589041095890411
194, 0.6114360924246856, 0.46132520099805935, 0.553517529602972, 0.589041095890411
195, 0.6096811933313835, 0.4593845300803992, 0.5530531692593452, 0.589041095890411
196, 0.6116554548113483, 0.4596617687829221, 0.5518922684002786, 0.589041095890411
197, 0.6088768645802867, 0.457721097865262, 0.5525888089157186, 0.589041095890411
198, 0.6063907575314419, 0.459939007485445, 0.5525888089157186, 0.589041095890411
199, 0.6026615969581749, 0.45383975602994175, 0.5516600882284652, 0.589041095890411
200, 0.7452471482889734, 0.5827557527030773, 0.5927559786394242, 0.5927559786394242
201, 0.7478063761333723, 0.5794288882728029, 0.5929881588112376, 0.5929881588112376
202, 0.7483182217022522, 0.5783199334627114, 0.5918272579521708, 0.5929881588112376
203, 0.7499268792044458, 0.5799833656778486, 0.5927559786394242, 0.5929881588112376
204, 0.7515355367066394, 0.5802606043803715, 0.5941490596703042, 0.5941490596703042
205, 0.7516086575021936, 0.5805378430828944, 0.5934525191548642, 0.5941490596703042
206, 0.7524129862532905, 0.5788744108677571, 0.5927559786394242, 0.5941490596703042
207, 0.7527785902310618, 0.5788744108677571, 0.5925237984676108, 0.5941490596703042
208, 0.7527054694355074, 0.5780426947601885, 0.5925237984676108, 0.5941490596703042
209, 0.7511699327288681, 0.5777654560576656, 0.5918272579521708, 0.5941490596703042
210, 0.7480257385200351, 0.5758247851400056, 0.590434176921291, 0.5941490596703042
211, 0.7369844983913425, 0.5655669531466593, 0.5853262131413978, 0.5941490596703042
212, 0.734571512138052, 0.5591904629886332, 0.5823078709078244, 0.5941490596703042
213, 0.733694062591401, 0.5580815081785417, 0.5823078709078244, 0.5941490596703042
214, 0.7329628546358584, 0.5547546437482672, 0.5818435105641978, 0.5941490596703042
215, 0.7317929219069903, 0.5522594954255614, 0.5818435105641978, 0.5941490596703042
216, 0.730842351564785, 0.55115054061547, 0.5813791502205712, 0.5941490596703042
217, 0.7298186604270255, 0.5492098696978098, 0.5795217088460646, 0.5941490596703042
218, 0.7282831237203861, 0.5478236761851955, 0.5778964476433712, 0.5941490596703042
219, 0.7267475870137468, 0.5469919600776268, 0.5765033666124912, 0.5941490596703042
220, 0.7261626206493127, 0.5458830052675353, 0.575574645925238, 0.5941490596703042
221, 0.7253582918982159, 0.5447740504574439, 0.576271186440678, 0.5941490596703042
222, 0.7247733255337818, 0.5442195730523981, 0.5758068260970514, 0.5941490596703042
223, 0.7244077215560105, 0.5425561408372609, 0.5765033666124912, 0.5941490596703042
224, 0.7238958759871308, 0.5414471860271693, 0.576967726956118, 0.5941490596703042
225, 0.721409768938286, 0.5400609925145551, 0.5739493847225446, 0.5941490596703042
226, 0.7198011114360924, 0.5392292764069864, 0.572091943348038, 0.5941490596703042
227, 0.719654869844984, 0.5389520377044635, 0.572091943348038, 0.5941490596703042
228, 0.7188505410938871, 0.5383975602994178, 0.5716275830044114, 0.5941490596703042
229, 0.7181193331383445, 0.5378430828943721, 0.571395402832598, 0.5941490596703042
230, 0.7178999707516818, 0.5383975602994178, 0.572091943348038, 0.5941490596703042
231, 0.7176074875694648, 0.5383975602994178, 0.571395402832598, 0.5941490596703042
232, 0.7172418835916935, 0.5389520377044635, 0.5700023218017182, 0.5941490596703042
233, 0.7173150043872477, 0.5397837538120321, 0.5700023218017182, 0.5941490596703042
234, 0.7171687627961392, 0.5395065151095093, 0.5690736011144648, 0.5941490596703042
235, 0.7171687627961392, 0.5392292764069864, 0.5697701416299048, 0.5941490596703042
236, 0.7168762796139222, 0.5395065151095093, 0.5690736011144648, 0.5941490596703042
237, 0.7172418835916935, 0.5383975602994178, 0.5693057812862782, 0.5941490596703042
238, 0.717095642000585, 0.5372886054893263, 0.5695379614580914, 0.5941490596703042
239, 0.717680608365019, 0.5372886054893263, 0.5697701416299048, 0.5941490596703042
240, 0.7178268499561276, 0.5375658441918492, 0.5700023218017182, 0.5941490596703042
241, 0.717973091547236, 0.5367341280842806, 0.5704666821453448, 0.5941490596703042
242, 0.7178999707516818, 0.5370113667868034, 0.5704666821453448, 0.5941490596703042
243, 0.7178999707516818, 0.535902411976712, 0.5702345019735314, 0.5941490596703042
244, 0.7177537291605732, 0.535902411976712, 0.5700023218017182, 0.5941490596703042
245, 0.7178268499561276, 0.535902411976712, 0.5700023218017182, 0.5941490596703042
246, 0.7178268499561276, 0.5364568893817577, 0.5704666821453448, 0.5941490596703042
247, 0.7172418835916935, 0.5370113667868034, 0.5702345019735314, 0.5941490596703042
248, 0.7172418835916935, 0.5370113667868034, 0.5709310424889714, 0.5941490596703042
249, 0.7173150043872477, 0.5370113667868034, 0.5709310424889714, 0.5941490596703042
250, 0.7171687627961392, 0.5370113667868034, 0.5711632226607848, 0.5941490596703042
251, 0.717388125182802, 0.5364568893817577, 0.571395402832598, 0.5941490596703042
252, 0.7175343667739105, 0.535902411976712, 0.5716275830044114, 0.5941490596703042
253, 0.7174612459783563, 0.5353479345716662, 0.5706988623171582, 0.5941490596703042
254, 0.7172418835916935, 0.535902411976712, 0.5702345019735314, 0.5941490596703042
255, 0.7170225212050307, 0.535902411976712, 0.5697701416299048, 0.5941490596703042
256, 0.717095642000585, 0.5350706958691434, 0.5695379614580914, 0.5941490596703042
257, 0.7168762796139222, 0.5364568893817577, 0.5695379614580914, 0.5941490596703042
258, 0.716803158818368, 0.5356251732741891, 0.5688414209426514, 0.5941490596703042
259, 0.7165837964317052, 0.535902411976712, 0.5688414209426514, 0.5941490596703042
260, 0.7164375548405967, 0.535902411976712, 0.5683770605990248, 0.5941490596703042
261, 0.716803158818368, 0.535902411976712, 0.5688414209426514, 0.5941490596703042
262, 0.7166569172272594, 0.535902411976712, 0.5686092407708382, 0.5941490596703042
263, 0.7165837964317052, 0.5361796506792348, 0.5683770605990248, 0.5941490596703042
264, 0.7165837964317052, 0.5361796506792348, 0.5688414209426514, 0.5941490596703042
265, 0.7169494004094764, 0.535902411976712, 0.5686092407708382, 0.5941490596703042
266, 0.716803158818368, 0.5356251732741891, 0.5686092407708382, 0.5941490596703042
267, 0.7172418835916935, 0.5356251732741891, 0.5690736011144648, 0.5941490596703042
268, 0.7170225212050307, 0.5350706958691434, 0.5686092407708382, 0.5941490596703042
269, 0.7175343667739105, 0.5347934571666204, 0.5690736011144648, 0.5941490596703042
270, 0.7175343667739105, 0.5345162184640976, 0.5700023218017182, 0.5941490596703042
271, 0.7178268499561276, 0.5350706958691434, 0.5700023218017182, 0.5941490596703042
272, 0.7174612459783563, 0.5356251732741891, 0.5700023218017182, 0.5941490596703042
273, 0.7180462123427903, 0.5353479345716662, 0.5702345019735314, 0.5941490596703042
274, 0.7183386955250073, 0.5339617410590518, 0.5700023218017182, 0.5941490596703042
275, 0.7178999707516818, 0.5339617410590518, 0.5697701416299048, 0.5941490596703042
276, 0.7182655747294531, 0.5334072636540061, 0.5700023218017182, 0.5941490596703042
277, 0.7183386955250073, 0.5334072636540061, 0.5700023218017182, 0.5941490596703042
278, 0.7184118163205616, 0.533684502356529, 0.5704666821453448, 0.5941490596703042
279, 0.7183386955250073, 0.5334072636540061, 0.5702345019735314, 0.5941490596703042
280, 0.7186311787072244, 0.533684502356529, 0.5697701416299048, 0.5941490596703042
281, 0.7184118163205616, 0.5339617410590518, 0.5700023218017182, 0.5941490596703042
282, 0.7187042995027786, 0.5339617410590518, 0.5700023218017182, 0.5941490596703042
283, 0.7189967826849956, 0.533684502356529, 0.5700023218017182, 0.5941490596703042
284, 0.7189236618894413, 0.5342389797615748, 0.5697701416299048, 0.5941490596703042
285, 0.7187774202983328, 0.5339617410590518, 0.5700023218017182, 0.5941490596703042
286, 0.7191430242761041, 0.5339617410590518, 0.5704666821453448, 0.5941490596703042
287, 0.7189967826849956, 0.533684502356529, 0.5700023218017182, 0.5941490596703042
288, 0.7192161450716584, 0.533684502356529, 0.5693057812862782, 0.5941490596703042
289, 0.7191430242761041, 0.5334072636540061, 0.5693057812862782, 0.5941490596703042
290, 0.7199473530272009, 0.5339617410590518, 0.5693057812862782, 0.5941490596703042
291, 0.7199473530272009, 0.533684502356529, 0.5688414209426514, 0.5941490596703042
292, 0.7203129570049722, 0.5331300249514832, 0.5690736011144648, 0.5941490596703042
293, 0.7203129570049722, 0.5334072636540061, 0.5695379614580914, 0.5941490596703042
294, 0.7207516817782977, 0.5334072636540061, 0.5695379614580914, 0.5941490596703042
295, 0.7209710441649605, 0.5322983088439146, 0.5697701416299048, 0.5941490596703042
296, 0.721409768938286, 0.5322983088439146, 0.5702345019735314, 0.5941490596703042
297, 0.7215560105293946, 0.5322983088439146, 0.5702345019735314, 0.5941490596703042
298, 0.7214828897338403, 0.5331300249514832, 0.5702345019735314, 0.5941490596703042
299, 0.7219216145071659, 0.5334072636540061, 0.5702345019735314, 0.5941490596703042
300, 0.7220678560982744, 0.5339617410590518, 0.5706988623171582, 0.5941490596703042
301, 0.7222140976893828, 0.5334072636540061, 0.5709310424889714, 0.5941490596703042
302, 0.7222872184849372, 0.5334072636540061, 0.5706988623171582, 0.5941490596703042
303, 0.7225065808715999, 0.5334072636540061, 0.5711632226607848, 0.5941490596703042
304, 0.7223603392804914, 0.5331300249514832, 0.5711632226607848, 0.5941490596703042
305, 0.7227259432582627, 0.5331300249514832, 0.5709310424889714, 0.5941490596703042
306, 0.7229453056449254, 0.5331300249514832, 0.5704666821453448, 0.5941490596703042
307, 0.7229453056449254, 0.5325755475464374, 0.5706988623171582, 0.5941490596703042
308, 0.7233109096226967, 0.5331300249514832, 0.5711632226607848, 0.5941490596703042
309, 0.723091547236034, 0.5334072636540061, 0.5716275830044114, 0.5941490596703042
310, 0.7234571512138052, 0.5339617410590518, 0.571395402832598, 0.5941490596703042
311, 0.7231646680315882, 0.533684502356529, 0.5716275830044114, 0.5941490596703042
312, 0.7234571512138052, 0.5339617410590518, 0.5716275830044114, 0.5941490596703042
313, 0.723384030418251, 0.533684502356529, 0.571395402832598, 0.5941490596703042
314, 0.7238958759871308, 0.5345162184640976, 0.5711632226607848, 0.5941490596703042
315, 0.7237496343960222, 0.5342389797615748, 0.5709310424889714, 0.5941490596703042
316, 0.7238227551915765, 0.5342389797615748, 0.5709310424889714, 0.5941490596703042
317, 0.7238227551915765, 0.5342389797615748, 0.5711632226607848, 0.5941490596703042
318, 0.723968996782685, 0.5342389797615748, 0.5711632226607848, 0.5941490596703042
319, 0.7241152383737935, 0.5347934571666204, 0.5709310424889714, 0.5941490596703042
320, 0.7240421175782392, 0.5347934571666204, 0.5706988623171582, 0.5941490596703042
321, 0.7241883591693478, 0.5350706958691434, 0.5706988623171582, 0.5941490596703042
322, 0.7244808423515647, 0.5356251732741891, 0.5700023218017182, 0.5941490596703042
323, 0.7245539631471191, 0.5356251732741891, 0.5702345019735314, 0.5941490596703042
324, 0.724846446329336, 0.5356251732741891, 0.5700023218017182, 0.5941490596703042
325, 0.724846446329336, 0.5356251732741891, 0.5697701416299048, 0.5941490596703042
326, 0.724846446329336, 0.5353479345716662, 0.5702345019735314, 0.5941490596703042
327, 0.7249926879204446, 0.5353479345716662, 0.5700023218017182, 0.5941490596703042
328, 0.7252851711026616, 0.5350706958691434, 0.5702345019735314, 0.5941490596703042
329, 0.7255776542848786, 0.5350706958691434, 0.5697701416299048, 0.5941490596703042
330, 0.7258701374670956, 0.5353479345716662, 0.5695379614580914, 0.5941490596703042
331, 0.7261626206493127, 0.5353479345716662, 0.5690736011144648, 0.5941490596703042
332, 0.7261626206493127, 0.5350706958691434, 0.5695379614580914, 0.5941490596703042
333, 0.7267475870137468, 0.535902411976712, 0.5686092407708382, 0.5941490596703042
334, 0.7267475870137468, 0.535902411976712, 0.5688414209426514, 0.5941490596703042
335, 0.7270400701959637, 0.5356251732741891, 0.5688414209426514, 0.5941490596703042
336, 0.7269669494004095, 0.535902411976712, 0.5686092407708382, 0.5941490596703042
337, 0.7271863117870723, 0.5353479345716662, 0.5686092407708382, 0.5941490596703042
338, 0.7272594325826265, 0.5347934571666204, 0.5690736011144648, 0.5941490596703042
339, 0.7271863117870723, 0.5350706958691434, 0.5690736011144648, 0.5941490596703042
340, 0.727405674173735, 0.5353479345716662, 0.5690736011144648, 0.5941490596703042
341, 0.727698157355952, 0.5356251732741891, 0.5688414209426514, 0.5941490596703042
342, 0.727405674173735, 0.5353479345716662, 0.5690736011144648, 0.5941490596703042
343, 0.7275519157648436, 0.5364568893817577, 0.5693057812862782, 0.5941490596703042
344, 0.7276250365603978, 0.5364568893817577, 0.5695379614580914, 0.5941490596703042
345, 0.7278443989470605, 0.535902411976712, 0.5695379614580914, 0.5941490596703042
346, 0.7278443989470605, 0.535902411976712, 0.5693057812862782, 0.5941490596703042
347, 0.7279906405381691, 0.5361796506792348, 0.5695379614580914, 0.5941490596703042
348, 0.7279906405381691, 0.5361796506792348, 0.5695379614580914, 0.5941490596703042
349, 0.7281368821292775, 0.5356251732741891, 0.5693057812862782, 0.5941490596703042
350, 0.7287949692892659, 0.5361796506792348, 0.5690736011144648, 0.5941490596703042
351, 0.7285024861070488, 0.5353479345716662, 0.5693057812862782, 0.5941490596703042
352, 0.7289412108803743, 0.535902411976712, 0.5690736011144648, 0.5941490596703042
353, 0.7290143316759287, 0.5356251732741891, 0.5688414209426514, 0.5941490596703042
354, 0.7291605732670371, 0.535902411976712, 0.5690736011144648, 0.5941490596703042
355, 0.7292336940625914, 0.535902411976712, 0.5688414209426514, 0.5941490596703042
356, 0.7291605732670371, 0.5361796506792348, 0.5688414209426514, 0.5941490596703042
357, 0.7293799356537, 0.5364568893817577, 0.5686092407708382, 0.5941490596703042
358, 0.7292336940625914, 0.5367341280842806, 0.5686092407708382, 0.5941490596703042
359, 0.7293068148581456, 0.5372886054893263, 0.5688414209426514, 0.5941490596703042
360, 0.7293799356537, 0.5372886054893263, 0.5688414209426514, 0.5941490596703042
361, 0.7293799356537, 0.5372886054893263, 0.5688414209426514, 0.5941490596703042
362, 0.7294530564492542, 0.5375658441918492, 0.5693057812862782, 0.5941490596703042
363, 0.7295992980403627, 0.5370113667868034, 0.5688414209426514, 0.5941490596703042
364, 0.7299649020181339, 0.5375658441918492, 0.5688414209426514, 0.5941490596703042
365, 0.7299649020181339, 0.5372886054893263, 0.5693057812862782, 0.5941490596703042
366, 0.7299649020181339, 0.5372886054893263, 0.5686092407708382, 0.5941490596703042
367, 0.7300380228136882, 0.5375658441918492, 0.5688414209426514, 0.5941490596703042
368, 0.7300380228136882, 0.5378430828943721, 0.5681448804272116, 0.5941490596703042
369, 0.7299649020181339, 0.5375658441918492, 0.5688414209426514, 0.5941490596703042
370, 0.7301842644047968, 0.5378430828943721, 0.5686092407708382, 0.5941490596703042
371, 0.7304036267914595, 0.5375658441918492, 0.5688414209426514, 0.5941490596703042
372, 0.730257385200351, 0.5378430828943721, 0.5683770605990248, 0.5941490596703042
373, 0.7304767475870138, 0.5381203215968949, 0.5688414209426514, 0.5941490596703042
374, 0.7306961099736765, 0.5378430828943721, 0.5686092407708382, 0.5941490596703042
375, 0.7309885931558935, 0.5383975602994178, 0.5686092407708382, 0.5941490596703042
376, 0.7309154723603393, 0.5383975602994178, 0.5690736011144648, 0.5941490596703042
377, 0.731134834747002, 0.5381203215968949, 0.5697701416299048, 0.5941490596703042
378, 0.7312079555425564, 0.5383975602994178, 0.5700023218017182, 0.5941490596703042
379, 0.7312810763381106, 0.5386747990019407, 0.5704666821453448, 0.5941490596703042
380, 0.7312810763381106, 0.5386747990019407, 0.5700023218017182, 0.5941490596703042
381, 0.7313541971336648, 0.5381203215968949, 0.5704666821453448, 0.5941490596703042
382, 0.7314273179292191, 0.5381203215968949, 0.5700023218017182, 0.5941490596703042
383, 0.7313541971336648, 0.5383975602994178, 0.5700023218017182, 0.5941490596703042
384, 0.7312810763381106, 0.5383975602994178, 0.5697701416299048, 0.5941490596703042
385, 0.7310617139514478, 0.5386747990019407, 0.5695379614580914, 0.5941490596703042
386, 0.7310617139514478, 0.5389520377044635, 0.5697701416299048, 0.5941490596703042
387, 0.731134834747002, 0.5386747990019407, 0.5697701416299048, 0.5941490596703042
388, 0.7310617139514478, 0.5389520377044635, 0.5695379614580914, 0.5941490596703042
389, 0.7314273179292191, 0.5389520377044635, 0.5695379614580914, 0.5941490596703042
390, 0.7315004387247733, 0.5389520377044635, 0.5697701416299048, 0.5941490596703042
391, 0.7316466803158819, 0.5392292764069864, 0.5697701416299048, 0.5941490596703042
392, 0.7317929219069903, 0.5389520377044635, 0.5695379614580914, 0.5941490596703042
393, 0.7316466803158819, 0.5392292764069864, 0.5695379614580914, 0.5941490596703042
394, 0.7321585258847616, 0.5392292764069864, 0.5690736011144648, 0.5941490596703042
395, 0.7320122842936532, 0.5395065151095093, 0.5693057812862782, 0.5941490596703042
396, 0.7317929219069903, 0.5392292764069864, 0.5695379614580914, 0.5941490596703042
397, 0.7316466803158819, 0.5389520377044635, 0.5693057812862782, 0.5941490596703042
398, 0.7319391634980988, 0.5392292764069864, 0.5700023218017182, 0.5941490596703042
399, 0.7316466803158819, 0.5383975602994178, 0.5702345019735314, 0.5941490596703042
400, 0.7316466803158819, 0.5389520377044635, 0.5702345019735314, 0.5941490596703042
401, 0.7314273179292191, 0.5381203215968949, 0.5697701416299048, 0.5941490596703042
402, 0.7316466803158819, 0.5381203215968949, 0.5697701416299048, 0.5941490596703042
403, 0.7315004387247733, 0.5386747990019407, 0.5697701416299048, 0.5941490596703042
404, 0.7315004387247733, 0.5383975602994178, 0.5697701416299048, 0.5941490596703042
405, 0.7315004387247733, 0.5383975602994178, 0.5700023218017182, 0.5941490596703042
406, 0.7313541971336648, 0.5386747990019407, 0.5695379614580914, 0.5941490596703042
407, 0.7316466803158819, 0.5386747990019407, 0.5697701416299048, 0.5941490596703042
408, 0.7313541971336648, 0.5389520377044635, 0.5702345019735314, 0.5941490596703042
409, 0.7315004387247733, 0.5386747990019407, 0.5700023218017182, 0.5941490596703042
410, 0.7315004387247733, 0.5392292764069864, 0.5700023218017182, 0.5941490596703042
411, 0.7314273179292191, 0.5392292764069864, 0.5706988623171582, 0.5941490596703042
412, 0.7309885931558935, 0.5386747990019407, 0.5704666821453448, 0.5941490596703042
413, 0.7314273179292191, 0.5386747990019407, 0.5702345019735314, 0.5941490596703042
414, 0.7315735595203275, 0.5397837538120321, 0.5702345019735314, 0.5941490596703042
415, 0.7315735595203275, 0.5397837538120321, 0.5700023218017182, 0.5941490596703042
416, 0.7319391634980988, 0.5397837538120321, 0.5704666821453448, 0.5941490596703042
417, 0.7314273179292191, 0.5397837538120321, 0.5700023218017182, 0.5941490596703042
418, 0.7313541971336648, 0.5392292764069864, 0.5702345019735314, 0.5941490596703042
419, 0.7318660427025446, 0.5395065151095093, 0.5704666821453448, 0.5941490596703042
420, 0.7313541971336648, 0.5389520377044635, 0.5704666821453448, 0.5941490596703042
421, 0.7316466803158819, 0.5392292764069864, 0.5709310424889714, 0.5941490596703042
422, 0.7313541971336648, 0.5392292764069864, 0.5711632226607848, 0.5941490596703042
423, 0.7312810763381106, 0.5389520377044635, 0.5704666821453448, 0.5941490596703042
424, 0.7309885931558935, 0.5389520377044635, 0.5704666821453448, 0.5941490596703042
425, 0.7313541971336648, 0.5395065151095093, 0.5704666821453448, 0.5941490596703042
426, 0.7309154723603393, 0.5392292764069864, 0.5700023218017182, 0.5941490596703042
427, 0.7314273179292191, 0.5395065151095093, 0.5702345019735314, 0.5941490596703042
428, 0.7315004387247733, 0.5395065151095093, 0.5695379614580914, 0.5941490596703042
429, 0.7313541971336648, 0.5392292764069864, 0.5697701416299048, 0.5941490596703042
430, 0.7317198011114361, 0.5400609925145551, 0.5693057812862782, 0.5941490596703042
431, 0.7319391634980988, 0.5397837538120321, 0.5697701416299048, 0.5941490596703042
432, 0.7319391634980988, 0.5408927086221237, 0.5695379614580914, 0.5941490596703042
433, 0.7321585258847616, 0.5411699473246465, 0.5695379614580914, 0.5941490596703042
434, 0.7322316466803159, 0.5408927086221237, 0.5690736011144648, 0.5941490596703042
435, 0.7317929219069903, 0.5406154699196007, 0.5693057812862782, 0.5941490596703042
436, 0.7317929219069903, 0.5406154699196007, 0.5695379614580914, 0.5941490596703042
437, 0.7317198011114361, 0.5406154699196007, 0.5695379614580914, 0.5941490596703042
438, 0.7313541971336648, 0.5397837538120321, 0.5686092407708382, 0.5941490596703042
439, 0.7313541971336648, 0.5395065151095093, 0.5688414209426514, 0.5941490596703042
440, 0.7317929219069903, 0.5400609925145551, 0.5688414209426514, 0.5941490596703042
441, 0.7315004387247733, 0.5395065151095093, 0.5690736011144648, 0.5941490596703042
442, 0.7315735595203275, 0.5397837538120321, 0.5690736011144648, 0.5941490596703042
443, 0.7320122842936532, 0.5400609925145551, 0.5700023218017182, 0.5941490596703042
444, 0.7317198011114361, 0.5397837538120321, 0.5693057812862782, 0.5941490596703042
445, 0.7319391634980988, 0.5397837538120321, 0.5697701416299048, 0.5941490596703042
446, 0.7320122842936532, 0.5400609925145551, 0.5697701416299048, 0.5941490596703042
447, 0.7322316466803159, 0.5400609925145551, 0.5697701416299048, 0.5941490596703042
448, 0.7319391634980988, 0.5403382312170779, 0.5695379614580914, 0.5941490596703042
449, 0.7324510090669787, 0.5411699473246465, 0.5697701416299048, 0.5941490596703042
450, 0.7323047674758701, 0.5403382312170779, 0.5693057812862782, 0.5941490596703042
451, 0.7321585258847616, 0.5411699473246465, 0.5695379614580914, 0.5941490596703042
452, 0.7324510090669787, 0.5406154699196007, 0.5693057812862782, 0.5941490596703042
453, 0.7321585258847616, 0.5408927086221237, 0.5690736011144648, 0.5941490596703042
454, 0.7324510090669787, 0.5411699473246465, 0.5690736011144648, 0.5941490596703042
455, 0.7325972506580871, 0.5408927086221237, 0.5690736011144648, 0.5941490596703042
456, 0.7325241298625329, 0.5408927086221237, 0.5693057812862782, 0.5941490596703042
457, 0.7325972506580871, 0.5414471860271693, 0.5695379614580914, 0.5941490596703042
458, 0.7326703714536414, 0.5414471860271693, 0.5695379614580914, 0.5941490596703042
459, 0.7328166130447499, 0.5414471860271693, 0.5693057812862782, 0.5941490596703042
460, 0.733109096226967, 0.5411699473246465, 0.5688414209426514, 0.5941490596703042
461, 0.7328897338403042, 0.5406154699196007, 0.5693057812862782, 0.5941490596703042
462, 0.7330359754314127, 0.5411699473246465, 0.5688414209426514, 0.5941490596703042
463, 0.7330359754314127, 0.5406154699196007, 0.5686092407708382, 0.5941490596703042
464, 0.7330359754314127, 0.5414471860271693, 0.5686092407708382, 0.5941490596703042
465, 0.733694062591401, 0.5411699473246465, 0.5686092407708382, 0.5941490596703042
466, 0.7332553378180755, 0.5420016634322151, 0.5683770605990248, 0.5941490596703042
467, 0.7337671833869552, 0.5436650956473523, 0.5688414209426514, 0.5941490596703042
468, 0.7334015794091839, 0.5431106182423067, 0.5681448804272116, 0.5941490596703042
469, 0.7334747002047383, 0.5431106182423067, 0.5690736011144648, 0.5941490596703042
470, 0.733694062591401, 0.5431106182423067, 0.5686092407708382, 0.5941490596703042
471, 0.7336209417958467, 0.5431106182423067, 0.5686092407708382, 0.5941490596703042
472, 0.7335478210002925, 0.5431106182423067, 0.5683770605990248, 0.5941490596703042
473, 0.7337671833869552, 0.5428333795397837, 0.5681448804272116, 0.5941490596703042
474, 0.7337671833869552, 0.5433878569448295, 0.5683770605990248, 0.5941490596703042
475, 0.7338403041825095, 0.5431106182423067, 0.5688414209426514, 0.5941490596703042
476, 0.7342059081602808, 0.5431106182423067, 0.5686092407708382, 0.5941490596703042
477, 0.7344252705469435, 0.5433878569448295, 0.5683770605990248, 0.5941490596703042
478, 0.7342790289558351, 0.5433878569448295, 0.5683770605990248, 0.5941490596703042
479, 0.7347177537291606, 0.5436650956473523, 0.5686092407708382, 0.5941490596703042
480, 0.7341327873647265, 0.5436650956473523, 0.5686092407708382, 0.5941490596703042
481, 0.734571512138052, 0.5436650956473523, 0.5686092407708382, 0.5941490596703042
482, 0.7342059081602808, 0.5436650956473523, 0.5688414209426514, 0.5941490596703042
483, 0.7344983913424978, 0.5436650956473523, 0.5688414209426514, 0.5941490596703042
484, 0.7346446329336063, 0.5436650956473523, 0.5686092407708382, 0.5941490596703042
485, 0.7347908745247148, 0.544496811754921, 0.5688414209426514, 0.5941490596703042
486, 0.7348639953202691, 0.544496811754921, 0.5688414209426514, 0.5941490596703042
487, 0.7351564785024861, 0.5442195730523981, 0.5688414209426514, 0.5941490596703042
488, 0.7347908745247148, 0.5442195730523981, 0.5690736011144648, 0.5941490596703042
489, 0.7351564785024861, 0.5436650956473523, 0.5693057812862782, 0.5941490596703042
490, 0.7350102369113776, 0.5428333795397837, 0.5693057812862782, 0.5941490596703042
491, 0.7355952032758116, 0.5425561408372609, 0.5690736011144648, 0.5941490596703042
492, 0.7354489616847031, 0.5431106182423067, 0.5695379614580914, 0.5941490596703042
493, 0.7355952032758116, 0.5422789021347381, 0.5693057812862782, 0.5941490596703042
494, 0.7356683240713658, 0.5433878569448295, 0.5700023218017182, 0.5941490596703042
495, 0.7358145656624744, 0.5420016634322151, 0.5693057812862782, 0.5941490596703042
496, 0.7356683240713658, 0.5428333795397837, 0.5695379614580914, 0.5941490596703042
497, 0.7364726528224627, 0.5433878569448295, 0.5697701416299048, 0.5941490596703042
498, 0.7362532904357999, 0.5439423343498753, 0.5700023218017182, 0.5941490596703042
499, 0.7362532904357999, 0.5433878569448295, 0.5702345019735314, 0.5941490596703042
500, 0.7364726528224627, 0.5439423343498753, 0.5702345019735314, 0.5941490596703042
501, 0.7366188944135712, 0.5433878569448295, 0.5700023218017182, 0.5941490596703042
502, 0.736545773618017, 0.5439423343498753, 0.5702345019735314, 0.5941490596703042
503, 0.7375694647557766, 0.5439423343498753, 0.5697701416299048, 0.5941490596703042
504, 0.7372038607780053, 0.5442195730523981, 0.5700023218017182, 0.5941490596703042
505, 0.7374963439602222, 0.5439423343498753, 0.5700023218017182, 0.5941490596703042
506, 0.737130739982451, 0.544496811754921, 0.5704666821453448, 0.5941490596703042
507, 0.7372038607780053, 0.544496811754921, 0.5704666821453448, 0.5941490596703042
508, 0.7372038607780053, 0.544496811754921, 0.5702345019735314, 0.5941490596703042
509, 0.7372769815735595, 0.544496811754921, 0.5702345019735314, 0.5941490596703042
510, 0.7375694647557766, 0.5447740504574439, 0.5702345019735314, 0.5941490596703042
511, 0.7376425855513308, 0.544496811754921, 0.5709310424889714, 0.5941490596703042
512, 0.737423223164668, 0.5442195730523981, 0.5711632226607848, 0.5941490596703042
513, 0.7377157063468851, 0.544496811754921, 0.5702345019735314, 0.5941490596703042
514, 0.7377888271424393, 0.544496811754921, 0.5704666821453448, 0.5941490596703042
515, 0.7378619479379935, 0.544496811754921, 0.5706988623171582, 0.5941490596703042
516, 0.738300672711319, 0.544496811754921, 0.5700023218017182, 0.5941490596703042
517, 0.7380813103246563, 0.5442195730523981, 0.5700023218017182, 0.5941490596703042
518, 0.7379350687335479, 0.5436650956473523, 0.5695379614580914, 0.5941490596703042
519, 0.7383737935068734, 0.5439423343498753, 0.5693057812862782, 0.5941490596703042
520, 0.7385931558935361, 0.5442195730523981, 0.5693057812862782, 0.5941490596703042
521, 0.7385200350979819, 0.5439423343498753, 0.5690736011144648, 0.5941490596703042
522, 0.7385200350979819, 0.5453285278624896, 0.5693057812862782, 0.5941490596703042
523, 0.7385931558935361, 0.5439423343498753, 0.5695379614580914, 0.5941490596703042
524, 0.7384469143024276, 0.544496811754921, 0.5693057812862782, 0.5941490596703042
525, 0.7386662766890904, 0.5447740504574439, 0.5693057812862782, 0.5941490596703042
526, 0.7382275519157648, 0.5450512891599667, 0.5693057812862782, 0.5941490596703042
527, 0.7385931558935361, 0.5453285278624896, 0.5693057812862782, 0.5941490596703042
528, 0.7385931558935361, 0.5453285278624896, 0.5693057812862782, 0.5941490596703042
529, 0.7385200350979819, 0.5442195730523981, 0.5695379614580914, 0.5941490596703042
530, 0.7388856390757531, 0.5447740504574439, 0.5693057812862782, 0.5941490596703042
531, 0.7387393974846447, 0.544496811754921, 0.5697701416299048, 0.5941490596703042
532, 0.7383737935068734, 0.5439423343498753, 0.5693057812862782, 0.5941490596703042
533, 0.7386662766890904, 0.5436650956473523, 0.5702345019735314, 0.5941490596703042
534, 0.7387393974846447, 0.544496811754921, 0.5697701416299048, 0.5941490596703042
535, 0.7385200350979819, 0.5433878569448295, 0.5700023218017182, 0.5941490596703042
536, 0.7388125182801989, 0.5442195730523981, 0.5697701416299048, 0.5941490596703042
537, 0.7388125182801989, 0.5436650956473523, 0.5706988623171582, 0.5941490596703042
538, 0.7386662766890904, 0.5436650956473523, 0.5697701416299048, 0.5941490596703042
539, 0.7390318806668617, 0.5439423343498753, 0.5697701416299048, 0.5941490596703042
540, 0.7389587598713074, 0.544496811754921, 0.5702345019735314, 0.5941490596703042
541, 0.7390318806668617, 0.5442195730523981, 0.5697701416299048, 0.5941490596703042
542, 0.7391050014624159, 0.544496811754921, 0.5700023218017182, 0.5941490596703042
543, 0.7394706054401872, 0.544496811754921, 0.5702345019735314, 0.5941490596703042
544, 0.7391781222579702, 0.5442195730523981, 0.5700023218017182, 0.5941490596703042
545, 0.7391781222579702, 0.5447740504574439, 0.5709310424889714, 0.5941490596703042
546, 0.7390318806668617, 0.5447740504574439, 0.5706988623171582, 0.5941490596703042
547, 0.7392512430535244, 0.5442195730523981, 0.5706988623171582, 0.5941490596703042
548, 0.7391781222579702, 0.5447740504574439, 0.5704666821453448, 0.5941490596703042
549, 0.7391781222579702, 0.544496811754921, 0.5711632226607848, 0.5941490596703042
550, 0.7392512430535244, 0.5450512891599667, 0.5702345019735314, 0.5941490596703042
551, 0.7394706054401872, 0.5450512891599667, 0.5706988623171582, 0.5941490596703042
552, 0.739397484644633, 0.5447740504574439, 0.5702345019735314, 0.5941490596703042
553, 0.7395437262357415, 0.5447740504574439, 0.5695379614580914, 0.5941490596703042
554, 0.7396899678268499, 0.5447740504574439, 0.5700023218017182, 0.5941490596703042
555, 0.7395437262357415, 0.5447740504574439, 0.5702345019735314, 0.5941490596703042
556, 0.7392512430535244, 0.5442195730523981, 0.5693057812862782, 0.5941490596703042
557, 0.7396899678268499, 0.5453285278624896, 0.5700023218017182, 0.5941490596703042
558, 0.739982451009067, 0.544496811754921, 0.5695379614580914, 0.5941490596703042
559, 0.7399093302135127, 0.5447740504574439, 0.5695379614580914, 0.5941490596703042
560, 0.7396899678268499, 0.5442195730523981, 0.5695379614580914, 0.5941490596703042
561, 0.7398362094179585, 0.5453285278624896, 0.5695379614580914, 0.5941490596703042
562, 0.7398362094179585, 0.5450512891599667, 0.5697701416299048, 0.5941490596703042
563, 0.7395437262357415, 0.5447740504574439, 0.5697701416299048, 0.5941490596703042
564, 0.7396168470312957, 0.5453285278624896, 0.5702345019735314, 0.5941490596703042
565, 0.7395437262357415, 0.5450512891599667, 0.5702345019735314, 0.5941490596703042
566, 0.7395437262357415, 0.5458830052675353, 0.5700023218017182, 0.5941490596703042
567, 0.7397630886224043, 0.5453285278624896, 0.5704666821453448, 0.5941490596703042
568, 0.7396899678268499, 0.5461602439700582, 0.5702345019735314, 0.5941490596703042
569, 0.7399093302135127, 0.5456057665650125, 0.5704666821453448, 0.5941490596703042
570, 0.7396168470312957, 0.5458830052675353, 0.5704666821453448, 0.5941490596703042
571, 0.7401286926001754, 0.5456057665650125, 0.5709310424889714, 0.5941490596703042
572, 0.7390318806668617, 0.5450512891599667, 0.5706988623171582, 0.5941490596703042
573, 0.7396899678268499, 0.5447740504574439, 0.5704666821453448, 0.5941490596703042
574, 0.7395437262357415, 0.5450512891599667, 0.5704666821453448, 0.5941490596703042
575, 0.7394706054401872, 0.5450512891599667, 0.5706988623171582, 0.5941490596703042
576, 0.7396899678268499, 0.5456057665650125, 0.5706988623171582, 0.5941490596703042
577, 0.7400555718046212, 0.5453285278624896, 0.5711632226607848, 0.5941490596703042
578, 0.7403480549868383, 0.5461602439700582, 0.5706988623171582, 0.5941490596703042
579, 0.7396899678268499, 0.5447740504574439, 0.5706988623171582, 0.5941490596703042
580, 0.739982451009067, 0.5456057665650125, 0.5709310424889714, 0.5941490596703042
581, 0.7402018133957298, 0.5458830052675353, 0.5702345019735314, 0.5941490596703042
582, 0.7398362094179585, 0.5453285278624896, 0.5709310424889714, 0.5941490596703042
583, 0.739982451009067, 0.5458830052675353, 0.5702345019735314, 0.5941490596703042
584, 0.7402018133957298, 0.5461602439700582, 0.5704666821453448, 0.5941490596703042
585, 0.7404211757823925, 0.5461602439700582, 0.5704666821453448, 0.5941490596703042
586, 0.7402018133957298, 0.5461602439700582, 0.5706988623171582, 0.5941490596703042
587, 0.7402018133957298, 0.5461602439700582, 0.5702345019735314, 0.5941490596703042
588, 0.7400555718046212, 0.5461602439700582, 0.5704666821453448, 0.5941490596703042
589, 0.739982451009067, 0.5461602439700582, 0.5702345019735314, 0.5941490596703042
590, 0.7401286926001754, 0.5464374826725811, 0.5700023218017182, 0.5941490596703042
591, 0.7406405381690553, 0.5456057665650125, 0.5704666821453448, 0.5941490596703042
592, 0.739982451009067, 0.5456057665650125, 0.5702345019735314, 0.5941490596703042
593, 0.739982451009067, 0.5447740504574439, 0.5702345019735314, 0.5941490596703042
594, 0.7403480549868383, 0.5450512891599667, 0.5702345019735314, 0.5941490596703042
595, 0.7403480549868383, 0.5450512891599667, 0.5702345019735314, 0.5941490596703042
596, 0.7410792629423808, 0.5450512891599667, 0.5702345019735314, 0.5941490596703042
597, 0.739982451009067, 0.5450512891599667, 0.5702345019735314, 0.5941490596703042
598, 0.740859900555718, 0.5450512891599667, 0.5697701416299048, 0.5941490596703042
599, 0.7412986253290436, 0.544496811754921, 0.5697701416299048, 0.5941490596703042
600, 0.740859900555718, 0.5439423343498753, 0.5693057812862782, 0.5941490596703042
601, 0.7409330213512723, 0.544496811754921, 0.5690736011144648, 0.5941490596703042
602, 0.740859900555718, 0.544496811754921, 0.5695379614580914, 0.5941490596703042
603, 0.740859900555718, 0.5442195730523981, 0.5695379614580914, 0.5941490596703042
604, 0.7407867797601638, 0.5439423343498753, 0.5686092407708382, 0.5941490596703042
605, 0.7407867797601638, 0.5447740504574439, 0.5693057812862782, 0.5941490596703042
606, 0.7406405381690553, 0.5439423343498753, 0.5688414209426514, 0.5941490596703042
607, 0.740859900555718, 0.5450512891599667, 0.5695379614580914, 0.5941490596703042
608, 0.7404942965779467, 0.5439423343498753, 0.5688414209426514, 0.5941490596703042
609, 0.7404942965779467, 0.5442195730523981, 0.5688414209426514, 0.5941490596703042
610, 0.7406405381690553, 0.5436650956473523, 0.5693057812862782, 0.5941490596703042
611, 0.7401286926001754, 0.5431106182423067, 0.5693057812862782, 0.5941490596703042
612, 0.7405674173735011, 0.5431106182423067, 0.5693057812862782, 0.5941490596703042
613, 0.7404211757823925, 0.5433878569448295, 0.5693057812862782, 0.5941490596703042
614, 0.7404942965779467, 0.5433878569448295, 0.5690736011144648, 0.5941490596703042
615, 0.7407867797601638, 0.5439423343498753, 0.5697701416299048, 0.5941490596703042
616, 0.7407867797601638, 0.5436650956473523, 0.5695379614580914, 0.5941490596703042
617, 0.7406405381690553, 0.5436650956473523, 0.5690736011144648, 0.5941490596703042
618, 0.7407867797601638, 0.5428333795397837, 0.5688414209426514, 0.5941490596703042
619, 0.7405674173735011, 0.5428333795397837, 0.5695379614580914, 0.5941490596703042
620, 0.7407136589646095, 0.5425561408372609, 0.5693057812862782, 0.5941490596703042
621, 0.740859900555718, 0.5425561408372609, 0.5688414209426514, 0.5941490596703042
622, 0.7410792629423808, 0.5428333795397837, 0.5695379614580914, 0.5941490596703042
623, 0.7407867797601638, 0.5425561408372609, 0.5697701416299048, 0.5941490596703042
624, 0.7404211757823925, 0.5425561408372609, 0.5693057812862782, 0.5941490596703042
625, 0.7407867797601638, 0.5425561408372609, 0.5693057812862782, 0.5941490596703042
626, 0.7410792629423808, 0.5414471860271693, 0.5690736011144648, 0.5941490596703042
627, 0.7412255045334893, 0.5420016634322151, 0.5695379614580914, 0.5941490596703042
628, 0.7407136589646095, 0.5422789021347381, 0.5693057812862782, 0.5941490596703042
629, 0.7409330213512723, 0.5420016634322151, 0.5695379614580914, 0.5941490596703042
630, 0.7412255045334893, 0.5417244247296923, 0.5690736011144648, 0.5941490596703042
631, 0.7413717461245979, 0.5420016634322151, 0.5690736011144648, 0.5941490596703042
632, 0.7417373501023691, 0.5414471860271693, 0.5695379614580914, 0.5941490596703042
633, 0.7418104708979234, 0.5420016634322151, 0.5688414209426514, 0.5941490596703042
634, 0.7418835916934776, 0.5417244247296923, 0.5695379614580914, 0.5941490596703042
635, 0.7416642293068149, 0.5417244247296923, 0.5688414209426514, 0.5941490596703042
636, 0.7418835916934776, 0.5414471860271693, 0.5693057812862782, 0.5941490596703042
637, 0.7417373501023691, 0.5414471860271693, 0.5693057812862782, 0.5941490596703042
638, 0.7418835916934776, 0.5408927086221237, 0.5693057812862782, 0.5941490596703042
639, 0.7418835916934776, 0.5420016634322151, 0.5690736011144648, 0.5941490596703042
640, 0.7419567124890318, 0.5406154699196007, 0.5686092407708382, 0.5941490596703042
641, 0.7418104708979234, 0.5411699473246465, 0.5690736011144648, 0.5941490596703042
642, 0.7419567124890318, 0.5406154699196007, 0.5690736011144648, 0.5941490596703042
643, 0.7418104708979234, 0.5411699473246465, 0.5688414209426514, 0.5941490596703042
644, 0.7415911085112606, 0.5406154699196007, 0.5683770605990248, 0.5941490596703042
645, 0.7418835916934776, 0.5411699473246465, 0.5688414209426514, 0.5941490596703042
646, 0.7418104708979234, 0.5406154699196007, 0.5690736011144648, 0.5941490596703042
647, 0.7416642293068149, 0.5408927086221237, 0.5688414209426514, 0.5941490596703042
648, 0.7415179877157063, 0.5408927086221237, 0.5686092407708382, 0.5941490596703042
649, 0.7421760748756947, 0.5414471860271693, 0.5683770605990248, 0.5941490596703042
650, 0.7420298332845862, 0.5408927086221237, 0.5686092407708382, 0.5941490596703042
651, 0.7421029540801404, 0.5414471860271693, 0.5679127002553982, 0.5941490596703042
652, 0.7421029540801404, 0.5411699473246465, 0.5681448804272116, 0.5941490596703042
653, 0.7421029540801404, 0.5414471860271693, 0.5681448804272116, 0.5941490596703042
654, 0.7423223164668031, 0.5406154699196007, 0.5683770605990248, 0.5941490596703042
655, 0.7425416788534659, 0.5411699473246465, 0.5686092407708382, 0.5941490596703042
656, 0.7419567124890318, 0.5406154699196007, 0.5686092407708382, 0.5941490596703042
657, 0.7421029540801404, 0.5411699473246465, 0.5683770605990248, 0.5941490596703042
658, 0.7420298332845862, 0.5417244247296923, 0.5693057812862782, 0.5941490596703042
659, 0.7422491956712489, 0.5422789021347381, 0.5686092407708382, 0.5941490596703042
660, 0.7422491956712489, 0.5408927086221237, 0.5683770605990248, 0.5941490596703042
661, 0.7423223164668031, 0.5420016634322151, 0.5683770605990248, 0.5941490596703042
662, 0.7427610412401286, 0.5406154699196007, 0.5681448804272116, 0.5941490596703042
663, 0.7421760748756947, 0.5420016634322151, 0.5681448804272116, 0.5941490596703042
664, 0.7426879204445744, 0.5420016634322151, 0.5683770605990248, 0.5941490596703042
665, 0.7422491956712489, 0.5411699473246465, 0.5679127002553982, 0.5941490596703042
666, 0.7426879204445744, 0.5417244247296923, 0.5681448804272116, 0.5941490596703042
667, 0.7423954372623575, 0.5422789021347381, 0.5686092407708382, 0.5941490596703042
668, 0.7418104708979234, 0.5417244247296923, 0.5683770605990248, 0.5941490596703042
669, 0.7422491956712489, 0.5417244247296923, 0.5683770605990248, 0.5941490596703042
670, 0.7426879204445744, 0.5417244247296923, 0.5683770605990248, 0.5941490596703042
671, 0.7423223164668031, 0.5420016634322151, 0.5690736011144648, 0.5941490596703042
672, 0.7423954372623575, 0.5414471860271693, 0.5686092407708382, 0.5941490596703042
673, 0.7423223164668031, 0.5420016634322151, 0.5683770605990248, 0.5941490596703042
674, 0.7425416788534659, 0.5417244247296923, 0.5683770605990248, 0.5941490596703042
675, 0.7421760748756947, 0.5420016634322151, 0.5686092407708382, 0.5941490596703042
676, 0.7424685580579117, 0.5420016634322151, 0.5688414209426514, 0.5941490596703042
677, 0.7420298332845862, 0.5420016634322151, 0.5683770605990248, 0.5941490596703042
678, 0.7421029540801404, 0.5428333795397837, 0.5688414209426514, 0.5941490596703042
679, 0.7421760748756947, 0.5420016634322151, 0.5688414209426514, 0.5941490596703042
680, 0.7421760748756947, 0.5422789021347381, 0.5688414209426514, 0.5941490596703042
681, 0.7418104708979234, 0.5422789021347381, 0.5693057812862782, 0.5941490596703042
682, 0.7423954372623575, 0.5417244247296923, 0.5690736011144648, 0.5941490596703042
683, 0.7422491956712489, 0.5417244247296923, 0.5690736011144648, 0.5941490596703042
684, 0.7420298332845862, 0.5420016634322151, 0.5690736011144648, 0.5941490596703042
685, 0.7416642293068149, 0.5420016634322151, 0.5693057812862782, 0.5941490596703042
686, 0.7421760748756947, 0.5417244247296923, 0.5688414209426514, 0.5941490596703042
687, 0.7424685580579117, 0.5417244247296923, 0.5693057812862782, 0.5941490596703042
688, 0.7427610412401286, 0.5411699473246465, 0.5690736011144648, 0.5941490596703042
689, 0.7420298332845862, 0.5417244247296923, 0.5697701416299048, 0.5941490596703042
690, 0.7429072828312372, 0.5425561408372609, 0.5697701416299048, 0.5941490596703042
691, 0.7427610412401286, 0.5411699473246465, 0.5702345019735314, 0.5941490596703042
692, 0.7425416788534659, 0.5420016634322151, 0.5695379614580914, 0.5941490596703042
693, 0.7429804036267914, 0.5422789021347381, 0.5702345019735314, 0.5941490596703042
694, 0.7429072828312372, 0.5422789021347381, 0.5700023218017182, 0.5941490596703042
695, 0.7427610412401286, 0.5417244247296923, 0.5704666821453448, 0.5941490596703042
696, 0.7431266452179, 0.5422789021347381, 0.5700023218017182, 0.5941490596703042
697, 0.742834162035683, 0.5422789021347381, 0.5700023218017182, 0.5941490596703042
698, 0.7429804036267914, 0.5425561408372609, 0.5702345019735314, 0.5941490596703042
699, 0.7429804036267914, 0.5422789021347381, 0.5697701416299048, 0.5941490596703042
700, 0.743419128400117, 0.5431106182423067, 0.5700023218017182, 0.5941490596703042
701, 0.7430535244223457, 0.5431106182423067, 0.5704666821453448, 0.5941490596703042
702, 0.7436384907867798, 0.5431106182423067, 0.5700023218017182, 0.5941490596703042
703, 0.7429804036267914, 0.5433878569448295, 0.5704666821453448, 0.5941490596703042
704, 0.7433460076045627, 0.5431106182423067, 0.5700023218017182, 0.5941490596703042
705, 0.7431266452179, 0.5431106182423067, 0.5697701416299048, 0.5941490596703042
706, 0.7433460076045627, 0.5433878569448295, 0.5700023218017182, 0.5941490596703042
707, 0.742834162035683, 0.5433878569448295, 0.5700023218017182, 0.5941490596703042
708, 0.743711611582334, 0.5431106182423067, 0.5700023218017182, 0.5941490596703042
709, 0.7431266452179, 0.5431106182423067, 0.5697701416299048, 0.5941490596703042
710, 0.7436384907867798, 0.5439423343498753, 0.5700023218017182, 0.5941490596703042
711, 0.7432728868090085, 0.5439423343498753, 0.5702345019735314, 0.5941490596703042
712, 0.7440040947645511, 0.544496811754921, 0.5700023218017182, 0.5941490596703042
713, 0.7431266452179, 0.5442195730523981, 0.5702345019735314, 0.5941490596703042
714, 0.7440040947645511, 0.5442195730523981, 0.5704666821453448, 0.5941490596703042
715, 0.7439309739689968, 0.5436650956473523, 0.5702345019735314, 0.5941490596703042
716, 0.7438578531734426, 0.544496811754921, 0.5702345019735314, 0.5941490596703042
717, 0.743419128400117, 0.544496811754921, 0.5700023218017182, 0.5941490596703042
718, 0.7440040947645511, 0.544496811754921, 0.5700023218017182, 0.5941490596703042
719, 0.7440040947645511, 0.5442195730523981, 0.5704666821453448, 0.5941490596703042
720, 0.7438578531734426, 0.5439423343498753, 0.5704666821453448, 0.5941490596703042
721, 0.7438578531734426, 0.5433878569448295, 0.5706988623171582, 0.5941490596703042
722, 0.7439309739689968, 0.5447740504574439, 0.5709310424889714, 0.5941490596703042
723, 0.7441503363556595, 0.5439423343498753, 0.5716275830044114, 0.5941490596703042
724, 0.7442234571512139, 0.5442195730523981, 0.5704666821453448, 0.5941490596703042
725, 0.7440040947645511, 0.5447740504574439, 0.5706988623171582, 0.5941490596703042
726, 0.7444428195378766, 0.5442195730523981, 0.5709310424889714, 0.5941490596703042
727, 0.7438578531734426, 0.5431106182423067, 0.5709310424889714, 0.5941490596703042
728, 0.7444428195378766, 0.5433878569448295, 0.5702345019735314, 0.5941490596703042
729, 0.7440772155601053, 0.544496811754921, 0.5702345019735314, 0.5941490596703042
730, 0.7442965779467681, 0.5433878569448295, 0.5704666821453448, 0.5941490596703042
731, 0.7442965779467681, 0.5442195730523981, 0.5700023218017182, 0.5941490596703042
732, 0.7443696987423223, 0.5442195730523981, 0.5704666821453448, 0.5941490596703042
733, 0.7440040947645511, 0.5439423343498753, 0.5704666821453448, 0.5941490596703042
734, 0.7441503363556595, 0.5436650956473523, 0.5697701416299048, 0.5941490596703042
735, 0.7441503363556595, 0.5442195730523981, 0.5704666821453448, 0.5941490596703042
736, 0.7446621819245394, 0.544496811754921, 0.5704666821453448, 0.5941490596703042
737, 0.7440040947645511, 0.5436650956473523, 0.5702345019735314, 0.5941490596703042
738, 0.7447353027200936, 0.5439423343498753, 0.5702345019735314, 0.5941490596703042
739, 0.7441503363556595, 0.5447740504574439, 0.5702345019735314, 0.5941490596703042
740, 0.744589061128985, 0.5442195730523981, 0.5695379614580914, 0.5941490596703042
741, 0.744589061128985, 0.5436650956473523, 0.5693057812862782, 0.5941490596703042
742, 0.7447353027200936, 0.5447740504574439, 0.5695379614580914, 0.5941490596703042
743, 0.7442234571512139, 0.5439423343498753, 0.5697701416299048, 0.5941490596703042
744, 0.7448084235156478, 0.5439423343498753, 0.5695379614580914, 0.5941490596703042
745, 0.7446621819245394, 0.5447740504574439, 0.5697701416299048, 0.5941490596703042
746, 0.7451740274934191, 0.5442195730523981, 0.5695379614580914, 0.5941490596703042
747, 0.7448084235156478, 0.5439423343498753, 0.5690736011144648, 0.5941490596703042
748, 0.7451740274934191, 0.5450512891599667, 0.5690736011144648, 0.5941490596703042
749, 0.7440772155601053, 0.5439423343498753, 0.5695379614580914, 0.5941490596703042
750, 0.7452471482889734, 0.5442195730523981, 0.5690736011144648, 0.5941490596703042
751, 0.7452471482889734, 0.544496811754921, 0.5686092407708382, 0.5941490596703042
752, 0.7449546651067563, 0.5453285278624896, 0.5695379614580914, 0.5941490596703042
753, 0.7448815443112021, 0.5436650956473523, 0.5683770605990248, 0.5941490596703042
754, 0.7452471482889734, 0.5447740504574439, 0.5688414209426514, 0.5941490596703042
755, 0.7455396314711904, 0.544496811754921, 0.5688414209426514, 0.5941490596703042
756, 0.7448815443112021, 0.5447740504574439, 0.5686092407708382, 0.5941490596703042
757, 0.7452471482889734, 0.5447740504574439, 0.5683770605990248, 0.5941490596703042
758, 0.7457589938578532, 0.5447740504574439, 0.5686092407708382, 0.5941490596703042
759, 0.7449546651067563, 0.5442195730523981, 0.5686092407708382, 0.5941490596703042
760, 0.7456858730622989, 0.5447740504574439, 0.5681448804272116, 0.5941490596703042
761, 0.7453202690845276, 0.5442195730523981, 0.5679127002553982, 0.5941490596703042
762, 0.7456858730622989, 0.544496811754921, 0.5686092407708382, 0.5941490596703042
763, 0.7456127522667446, 0.5439423343498753, 0.5681448804272116, 0.5941490596703042
764, 0.7451740274934191, 0.5433878569448295, 0.5681448804272116, 0.5941490596703042
765, 0.7454665106756362, 0.5439423343498753, 0.5681448804272116, 0.5941490596703042
766, 0.7456127522667446, 0.5436650956473523, 0.5686092407708382, 0.5941490596703042
767, 0.7456127522667446, 0.5436650956473523, 0.5681448804272116, 0.5941490596703042
768, 0.7456858730622989, 0.5433878569448295, 0.5679127002553982, 0.5941490596703042
769, 0.7460514770400702, 0.544496811754921, 0.5681448804272116, 0.5941490596703042
770, 0.7454665106756362, 0.5433878569448295, 0.5681448804272116, 0.5941490596703042
771, 0.7457589938578532, 0.5439423343498753, 0.5679127002553982, 0.5941490596703042
772, 0.7456127522667446, 0.5436650956473523, 0.5679127002553982, 0.5941490596703042
773, 0.7453933898800819, 0.5433878569448295, 0.5676805200835848, 0.5941490596703042
774, 0.7455396314711904, 0.5442195730523981, 0.5679127002553982, 0.5941490596703042
775, 0.7457589938578532, 0.5436650956473523, 0.5686092407708382, 0.5941490596703042
776, 0.7454665106756362, 0.5433878569448295, 0.5683770605990248, 0.5941490596703042
777, 0.7461977186311787, 0.5436650956473523, 0.5683770605990248, 0.5941490596703042
778, 0.7454665106756362, 0.5433878569448295, 0.5683770605990248, 0.5941490596703042
779, 0.7457589938578532, 0.5431106182423067, 0.5679127002553982, 0.5941490596703042
780, 0.7457589938578532, 0.5433878569448295, 0.5686092407708382, 0.5941490596703042
781, 0.7455396314711904, 0.5428333795397837, 0.5688414209426514, 0.5941490596703042
782, 0.7459783562445159, 0.5431106182423067, 0.5681448804272116, 0.5941490596703042
783, 0.7455396314711904, 0.5428333795397837, 0.5676805200835848, 0.5941490596703042
784, 0.7458321146534074, 0.5431106182423067, 0.5683770605990248, 0.5941490596703042
785, 0.7458321146534074, 0.5433878569448295, 0.5681448804272116, 0.5941490596703042
786, 0.7452471482889734, 0.5422789021347381, 0.5688414209426514, 0.5941490596703042
787, 0.7458321146534074, 0.5433878569448295, 0.5679127002553982, 0.5941490596703042
788, 0.7456127522667446, 0.5431106182423067, 0.5683770605990248, 0.5941490596703042
789, 0.7444428195378766, 0.5420016634322151, 0.5686092407708382, 0.5941490596703042
790, 0.7464170810178414, 0.5436650956473523, 0.5683770605990248, 0.5941490596703042
791, 0.7457589938578532, 0.5428333795397837, 0.5686092407708382, 0.5941490596703042
792, 0.7459052354489617, 0.5428333795397837, 0.5686092407708382, 0.5941490596703042
793, 0.7459052354489617, 0.5431106182423067, 0.5688414209426514, 0.5941490596703042
794, 0.7459052354489617, 0.5433878569448295, 0.5690736011144648, 0.5941490596703042
795, 0.7457589938578532, 0.5428333795397837, 0.5683770605990248, 0.5941490596703042
796, 0.7461977186311787, 0.5431106182423067, 0.5688414209426514, 0.5941490596703042
797, 0.74656332260895, 0.5431106182423067, 0.5683770605990248, 0.5941490596703042
798, 0.7463439602222872, 0.5425561408372609, 0.5688414209426514, 0.5941490596703042
799, 0.7460514770400702, 0.5428333795397837, 0.5688414209426514, 0.5941490596703042
800, 0.7464170810178414, 0.5433878569448295, 0.5686092407708382, 0.5941490596703042
801, 0.746270839426733, 0.5425561408372609, 0.5683770605990248, 0.5941490596703042
802, 0.7464170810178414, 0.5433878569448295, 0.5681448804272116, 0.5941490596703042
803, 0.746270839426733, 0.5422789021347381, 0.5688414209426514, 0.5941490596703042
804, 0.7461245978356245, 0.5436650956473523, 0.5676805200835848, 0.5941490596703042
805, 0.7455396314711904, 0.5422789021347381, 0.5683770605990248, 0.5941490596703042
806, 0.7461245978356245, 0.5428333795397837, 0.5688414209426514, 0.5941490596703042
807, 0.7464170810178414, 0.5442195730523981, 0.5681448804272116, 0.5941490596703042
808, 0.7466364434045042, 0.5425561408372609, 0.5686092407708382, 0.5941490596703042
809, 0.7456858730622989, 0.5425561408372609, 0.5681448804272116, 0.5941490596703042
810, 0.7464902018133958, 0.5428333795397837, 0.5681448804272116, 0.5941490596703042
811, 0.7463439602222872, 0.5439423343498753, 0.5683770605990248, 0.5941490596703042
812, 0.746270839426733, 0.5433878569448295, 0.5681448804272116, 0.5941490596703042
813, 0.7463439602222872, 0.5425561408372609, 0.5683770605990248, 0.5941490596703042
814, 0.7464170810178414, 0.5428333795397837, 0.5688414209426514, 0.5941490596703042
815, 0.7467095642000585, 0.5433878569448295, 0.5686092407708382, 0.5941490596703042
816, 0.7464170810178414, 0.5428333795397837, 0.5690736011144648, 0.5941490596703042
817, 0.7460514770400702, 0.5428333795397837, 0.5681448804272116, 0.5941490596703042
818, 0.7467095642000585, 0.5436650956473523, 0.5681448804272116, 0.5941490596703042
819, 0.7456858730622989, 0.5428333795397837, 0.5679127002553982, 0.5941490596703042
820, 0.7459783562445159, 0.5431106182423067, 0.5686092407708382, 0.5941490596703042
821, 0.7463439602222872, 0.5428333795397837, 0.5679127002553982, 0.5941490596703042
822, 0.746270839426733, 0.5431106182423067, 0.5683770605990248, 0.5941490596703042
823, 0.7455396314711904, 0.5425561408372609, 0.5683770605990248, 0.5941490596703042
824, 0.7459052354489617, 0.5425561408372609, 0.5688414209426514, 0.5941490596703042
825, 0.7466364434045042, 0.5433878569448295, 0.5674483399117716, 0.5941490596703042
826, 0.746270839426733, 0.5428333795397837, 0.5683770605990248, 0.5941490596703042
827, 0.7467095642000585, 0.5433878569448295, 0.5676805200835848, 0.5941490596703042
828, 0.74656332260895, 0.5431106182423067, 0.5681448804272116, 0.5941490596703042
829, 0.7459783562445159, 0.5433878569448295, 0.5686092407708382, 0.5941490596703042
830, 0.7455396314711904, 0.5436650956473523, 0.5679127002553982, 0.5941490596703042
831, 0.7464170810178414, 0.5436650956473523, 0.5681448804272116, 0.5941490596703042
832, 0.7460514770400702, 0.5433878569448295, 0.5683770605990248, 0.5941490596703042
833, 0.7464902018133958, 0.5439423343498753, 0.5676805200835848, 0.5941490596703042
834, 0.747148288973384, 0.544496811754921, 0.5681448804272116, 0.5941490596703042
835, 0.746270839426733, 0.5439423343498753, 0.5681448804272116, 0.5941490596703042
836, 0.7466364434045042, 0.5436650956473523, 0.5681448804272116, 0.5941490596703042
837, 0.7466364434045042, 0.5447740504574439, 0.5683770605990248, 0.5941490596703042
838, 0.7469289265867213, 0.5442195730523981, 0.5681448804272116, 0.5941490596703042
839, 0.7464170810178414, 0.5442195730523981, 0.5676805200835848, 0.5941490596703042
840, 0.7473676513600468, 0.5439423343498753, 0.5681448804272116, 0.5941490596703042
841, 0.74656332260895, 0.5442195730523981, 0.5683770605990248, 0.5941490596703042
842, 0.7467826849956127, 0.5447740504574439, 0.5690736011144648, 0.5941490596703042
843, 0.746270839426733, 0.5442195730523981, 0.5676805200835848, 0.5941490596703042
844, 0.7464902018133958, 0.5453285278624896, 0.5683770605990248, 0.5941490596703042
845, 0.7456127522667446, 0.5439423343498753, 0.5681448804272116, 0.5941490596703042
846, 0.747148288973384, 0.5450512891599667, 0.5683770605990248, 0.5941490596703042
847, 0.7469289265867213, 0.5447740504574439, 0.5688414209426514, 0.5941490596703042
848, 0.7464902018133958, 0.5436650956473523, 0.5686092407708382, 0.5941490596703042
849, 0.7468558057911671, 0.5450512891599667, 0.5688414209426514, 0.5941490596703042
850, 0.7461977186311787, 0.5439423343498753, 0.5686092407708382, 0.5941490596703042
851, 0.7468558057911671, 0.5456057665650125, 0.5693057812862782, 0.5941490596703042
852, 0.7478063761333723, 0.5447740504574439, 0.5681448804272116, 0.5941490596703042
853, 0.7469289265867213, 0.544496811754921, 0.5688414209426514, 0.5941490596703042
854, 0.7470751681778298, 0.544496811754921, 0.5686092407708382, 0.5941490596703042
855, 0.7459783562445159, 0.5442195730523981, 0.5679127002553982, 0.5941490596703042
856, 0.7467826849956127, 0.5450512891599667, 0.5683770605990248, 0.5941490596703042
857, 0.7470020473822755, 0.5450512891599667, 0.5686092407708382, 0.5941490596703042
858, 0.746270839426733, 0.5450512891599667, 0.5686092407708382, 0.5941490596703042
859, 0.7472945305644926, 0.5450512891599667, 0.5693057812862782, 0.5941490596703042
860, 0.7467826849956127, 0.5450512891599667, 0.5695379614580914, 0.5941490596703042
861, 0.7473676513600468, 0.5453285278624896, 0.5688414209426514, 0.5941490596703042
862, 0.7468558057911671, 0.5450512891599667, 0.5690736011144648, 0.5941490596703042
863, 0.7472214097689382, 0.5447740504574439, 0.5688414209426514, 0.5941490596703042
864, 0.7475138929511553, 0.5450512891599667, 0.5693057812862782, 0.5941490596703042
865, 0.7472214097689382, 0.544496811754921, 0.5683770605990248, 0.5941490596703042
866, 0.7475870137467095, 0.5450512891599667, 0.5688414209426514, 0.5941490596703042
867, 0.7472945305644926, 0.5447740504574439, 0.5686092407708382, 0.5941490596703042
868, 0.7476601345422638, 0.5456057665650125, 0.5697701416299048, 0.5941490596703042
869, 0.7478794969289266, 0.5450512891599667, 0.5700023218017182, 0.5941490596703042
870, 0.7475138929511553, 0.5456057665650125, 0.5688414209426514, 0.5941490596703042
871, 0.747440772155601, 0.5450512891599667, 0.5697701416299048, 0.5941490596703042
872, 0.7477332553378181, 0.5453285278624896, 0.5693057812862782, 0.5941490596703042
873, 0.7475138929511553, 0.5450512891599667, 0.5697701416299048, 0.5941490596703042
874, 0.7477332553378181, 0.5461602439700582, 0.5702345019735314, 0.5941490596703042
875, 0.7476601345422638, 0.5456057665650125, 0.5695379614580914, 0.5941490596703042
876, 0.7475138929511553, 0.5458830052675353, 0.5690736011144648, 0.5941490596703042
877, 0.7473676513600468, 0.5453285278624896, 0.5690736011144648, 0.5941490596703042
878, 0.7486838256800235, 0.5456057665650125, 0.5702345019735314, 0.5941490596703042
879, 0.7475870137467095, 0.5453285278624896, 0.5695379614580914, 0.5941490596703042
880, 0.7476601345422638, 0.5458830052675353, 0.5693057812862782, 0.5941490596703042
881, 0.7478063761333723, 0.5453285278624896, 0.5697701416299048, 0.5941490596703042
882, 0.747148288973384, 0.5456057665650125, 0.5695379614580914, 0.5941490596703042
883, 0.747440772155601, 0.5456057665650125, 0.5697701416299048, 0.5941490596703042
884, 0.7478794969289266, 0.5458830052675353, 0.5700023218017182, 0.5941490596703042
885, 0.7472945305644926, 0.5450512891599667, 0.5697701416299048, 0.5941490596703042
886, 0.7479526177244809, 0.5456057665650125, 0.5693057812862782, 0.5941490596703042
887, 0.7472945305644926, 0.5450512891599667, 0.5697701416299048, 0.5941490596703042
888, 0.7483913424978064, 0.5456057665650125, 0.5700023218017182, 0.5941490596703042
889, 0.7478063761333723, 0.5461602439700582, 0.5697701416299048, 0.5941490596703042
890, 0.7480257385200351, 0.5464374826725811, 0.5695379614580914, 0.5941490596703042
891, 0.747440772155601, 0.5458830052675353, 0.5695379614580914, 0.5941490596703042
892, 0.7477332553378181, 0.5453285278624896, 0.5700023218017182, 0.5941490596703042
893, 0.7476601345422638, 0.5458830052675353, 0.5702345019735314, 0.5941490596703042
894, 0.7482451009066978, 0.5458830052675353, 0.5700023218017182, 0.5941490596703042
895, 0.7480988593155894, 0.5461602439700582, 0.5700023218017182, 0.5941490596703042
896, 0.7480988593155894, 0.5458830052675353, 0.5697701416299048, 0.5941490596703042
897, 0.7478063761333723, 0.5458830052675353, 0.5700023218017182, 0.5941490596703042
898, 0.7480988593155894, 0.5461602439700582, 0.5702345019735314, 0.5941490596703042
899, 0.7476601345422638, 0.5461602439700582, 0.5700023218017182, 0.5941490596703042
900, 0.7477332553378181, 0.546714721375104, 0.5697701416299048, 0.5941490596703042
901, 0.7478794969289266, 0.5456057665650125, 0.5700023218017182, 0.5941490596703042
902, 0.7476601345422638, 0.5456057665650125, 0.5695379614580914, 0.5941490596703042
903, 0.7479526177244809, 0.5464374826725811, 0.5702345019735314, 0.5941490596703042
904, 0.747440772155601, 0.5453285278624896, 0.5706988623171582, 0.5941490596703042
905, 0.7478794969289266, 0.5453285278624896, 0.5702345019735314, 0.5941490596703042
906, 0.7480257385200351, 0.5458830052675353, 0.571395402832598, 0.5941490596703042
907, 0.7481719801111436, 0.5464374826725811, 0.5704666821453448, 0.5941490596703042
908, 0.7480988593155894, 0.5456057665650125, 0.5700023218017182, 0.5941490596703042
909, 0.7480988593155894, 0.5456057665650125, 0.5709310424889714, 0.5941490596703042
910, 0.7483182217022522, 0.5456057665650125, 0.5711632226607848, 0.5941490596703042
911, 0.7484644632933606, 0.5461602439700582, 0.5709310424889714, 0.5941490596703042
912, 0.747440772155601, 0.5456057665650125, 0.5704666821453448, 0.5941490596703042
913, 0.7480257385200351, 0.5458830052675353, 0.5700023218017182, 0.5941490596703042
914, 0.7478063761333723, 0.5453285278624896, 0.5711632226607848, 0.5941490596703042
915, 0.7484644632933606, 0.5461602439700582, 0.5706988623171582, 0.5941490596703042
916, 0.7475870137467095, 0.5458830052675353, 0.5704666821453448, 0.5941490596703042
917, 0.7478063761333723, 0.5461602439700582, 0.5700023218017182, 0.5941490596703042
918, 0.7487569464755777, 0.5464374826725811, 0.5716275830044114, 0.5941490596703042
919, 0.7485375840889149, 0.5453285278624896, 0.5709310424889714, 0.5941490596703042
920, 0.7484644632933606, 0.5461602439700582, 0.5702345019735314, 0.5941490596703042
921, 0.7489763088622404, 0.5456057665650125, 0.571395402832598, 0.5941490596703042
922, 0.7488300672711319, 0.5456057665650125, 0.5709310424889714, 0.5941490596703042
923, 0.7488300672711319, 0.5461602439700582, 0.5704666821453448, 0.5941490596703042
924, 0.7487569464755777, 0.5453285278624896, 0.571395402832598, 0.5941490596703042
925, 0.7488300672711319, 0.5456057665650125, 0.571395402832598, 0.5941490596703042
926, 0.7485375840889149, 0.5456057665650125, 0.5704666821453448, 0.5941490596703042
927, 0.7478794969289266, 0.5461602439700582, 0.5711632226607848, 0.5941490596703042
928, 0.7486107048844691, 0.5458830052675353, 0.571395402832598, 0.5941490596703042
929, 0.7486838256800235, 0.5461602439700582, 0.571395402832598, 0.5941490596703042
930, 0.749122550453349, 0.5458830052675353, 0.5718597631762248, 0.5941490596703042
931, 0.7489763088622404, 0.5464374826725811, 0.571395402832598, 0.5941490596703042
932, 0.7493419128400117, 0.5453285278624896, 0.571395402832598, 0.5941490596703042
933, 0.7492687920444574, 0.5469919600776268, 0.5709310424889714, 0.5941490596703042
934, 0.7490494296577946, 0.5456057665650125, 0.571395402832598, 0.5941490596703042
935, 0.7491956712489032, 0.5464374826725811, 0.5709310424889714, 0.5941490596703042
936, 0.7499268792044458, 0.5453285278624896, 0.5718597631762248, 0.5941490596703042
937, 0.7494150336355659, 0.5456057665650125, 0.5718597631762248, 0.5941490596703042
938, 0.7494150336355659, 0.5461602439700582, 0.5711632226607848, 0.5941490596703042
939, 0.7494150336355659, 0.5456057665650125, 0.5718597631762248, 0.5941490596703042
940, 0.7495612752266745, 0.5458830052675353, 0.5716275830044114, 0.5941490596703042
941, 0.7486107048844691, 0.5458830052675353, 0.5711632226607848, 0.5941490596703042
942, 0.7495612752266745, 0.5450512891599667, 0.5716275830044114, 0.5941490596703042
943, 0.7492687920444574, 0.5456057665650125, 0.5711632226607848, 0.5941490596703042
944, 0.749707516817783, 0.5453285278624896, 0.5716275830044114, 0.5941490596703042
945, 0.7493419128400117, 0.5456057665650125, 0.571395402832598, 0.5941490596703042
946, 0.7499268792044458, 0.5447740504574439, 0.571395402832598, 0.5941490596703042
947, 0.7502193623866628, 0.5456057665650125, 0.5718597631762248, 0.5941490596703042
948, 0.7503656039777713, 0.5453285278624896, 0.5718597631762248, 0.5941490596703042
949, 0.7514624159110851, 0.5464374826725811, 0.5730206640352914, 0.5941490596703042
950, 0.75, 0.5453285278624896, 0.571395402832598, 0.5941490596703042
951, 0.749707516817783, 0.5458830052675353, 0.5716275830044114, 0.5941490596703042
952, 0.7500731207955542, 0.5450512891599667, 0.572091943348038, 0.5941490596703042
953, 0.7497806376133372, 0.5456057665650125, 0.5709310424889714, 0.5941490596703042
954, 0.750292483182217, 0.544496811754921, 0.5711632226607848, 0.5941490596703042
955, 0.7500731207955542, 0.5453285278624896, 0.572091943348038, 0.5941490596703042
956, 0.7501462415911085, 0.5450512891599667, 0.571395402832598, 0.5941490596703042
957, 0.7509505703422054, 0.5456057665650125, 0.5718597631762248, 0.5941490596703042
958, 0.7510968119333138, 0.5447740504574439, 0.5706988623171582, 0.5941490596703042
959, 0.7507312079555426, 0.5453285278624896, 0.5711632226607848, 0.5941490596703042
960, 0.7504387247733255, 0.5447740504574439, 0.5706988623171582, 0.5941490596703042
961, 0.7510968119333138, 0.544496811754921, 0.572091943348038, 0.5941490596703042
962, 0.7513161743199765, 0.544496811754921, 0.5700023218017182, 0.5941490596703042
963, 0.7507312079555426, 0.5447740504574439, 0.5709310424889714, 0.5941490596703042
964, 0.7510968119333138, 0.544496811754921, 0.5723241235198514, 0.5941490596703042
965, 0.7501462415911085, 0.5433878569448295, 0.5711632226607848, 0.5941490596703042
966, 0.7513161743199765, 0.5447740504574439, 0.5706988623171582, 0.5941490596703042
967, 0.7510968119333138, 0.5453285278624896, 0.5711632226607848, 0.5941490596703042
968, 0.7513892951155309, 0.544496811754921, 0.5711632226607848, 0.5941490596703042
969, 0.7516086575021936, 0.5450512891599667, 0.571395402832598, 0.5941490596703042
970, 0.7510968119333138, 0.5453285278624896, 0.5709310424889714, 0.5941490596703042
971, 0.750877449546651, 0.5450512891599667, 0.571395402832598, 0.5941490596703042
972, 0.7506580871599883, 0.5433878569448295, 0.5706988623171582, 0.5941490596703042
973, 0.7519742614799649, 0.5453285278624896, 0.572091943348038, 0.5941490596703042
974, 0.7513892951155309, 0.5453285278624896, 0.5709310424889714, 0.5941490596703042
975, 0.7518280198888564, 0.5453285278624896, 0.5706988623171582, 0.5941490596703042
976, 0.7516086575021936, 0.5456057665650125, 0.5709310424889714, 0.5941490596703042
977, 0.7513892951155309, 0.5447740504574439, 0.5706988623171582, 0.5941490596703042
978, 0.7513892951155309, 0.5453285278624896, 0.5711632226607848, 0.5941490596703042
979, 0.7517548990933022, 0.544496811754921, 0.5709310424889714, 0.5941490596703042
980, 0.7516086575021936, 0.5453285278624896, 0.5711632226607848, 0.5941490596703042
981, 0.7518280198888564, 0.5450512891599667, 0.5706988623171582, 0.5941490596703042
982, 0.7516817782977478, 0.544496811754921, 0.5704666821453448, 0.5941490596703042
983, 0.7511699327288681, 0.5456057665650125, 0.5709310424889714, 0.5941490596703042
984, 0.7516817782977478, 0.5439423343498753, 0.571395402832598, 0.5941490596703042
985, 0.7521936238666277, 0.5453285278624896, 0.571395402832598, 0.5941490596703042
986, 0.7517548990933022, 0.5456057665650125, 0.5706988623171582, 0.5941490596703042
987, 0.7524129862532905, 0.5453285278624896, 0.571395402832598, 0.5941490596703042
988, 0.7519011406844106, 0.5447740504574439, 0.571395402832598, 0.5941490596703042
989, 0.7511699327288681, 0.5464374826725811, 0.5702345019735314, 0.5941490596703042
990, 0.7519011406844106, 0.544496811754921, 0.5711632226607848, 0.5941490596703042
991, 0.7516817782977478, 0.5453285278624896, 0.5704666821453448, 0.5941490596703042
992, 0.7522667446621819, 0.5453285278624896, 0.5711632226607848, 0.5941490596703042
993, 0.7523398654577362, 0.5464374826725811, 0.571395402832598, 0.5941490596703042
994, 0.7519742614799649, 0.5453285278624896, 0.5706988623171582, 0.5941490596703042
995, 0.7503656039777713, 0.544496811754921, 0.5704666821453448, 0.5941490596703042
996, 0.7519742614799649, 0.5461602439700582, 0.5709310424889714, 0.5941490596703042
997, 0.7522667446621819, 0.5458830052675353, 0.5709310424889714, 0.5941490596703042
998, 0.7523398654577362, 0.5458830052675353, 0.5704666821453448, 0.5941490596703042
999, 0.7524129862532905, 0.5469919600776268, 0.5706988623171582, 0.5941490596703042
1000, 0.752559227844399, 0.5469919600776268, 0.5716275830044114, 0.5941490596703042
1001, 0.7520473822755191, 0.5450512891599667, 0.571395402832598, 0.5941490596703042
1002, 0.7518280198888564, 0.5453285278624896, 0.5706988623171582, 0.5941490596703042
1003, 0.7518280198888564, 0.5469919600776268, 0.5718597631762248, 0.5941490596703042
1004, 0.7527054694355074, 0.5464374826725811, 0.5709310424889714, 0.5941490596703042
1005, 0.7516817782977478, 0.5464374826725811, 0.5709310424889714, 0.5941490596703042
1006, 0.7519011406844106, 0.5458830052675353, 0.5718597631762248, 0.5941490596703042
1007, 0.7526323486399532, 0.546714721375104, 0.5702345019735314, 0.5941490596703042
1008, 0.7523398654577362, 0.5472691987801497, 0.5709310424889714, 0.5941490596703042
1009, 0.752559227844399, 0.546714721375104, 0.5716275830044114, 0.5941490596703042
1010, 0.7524129862532905, 0.5469919600776268, 0.5709310424889714, 0.5941490596703042
1011, 0.7530710734132787, 0.5469919600776268, 0.5716275830044114, 0.5941490596703042
1012, 0.7519742614799649, 0.5464374826725811, 0.5706988623171582, 0.5941490596703042
