/Library/Java/JavaVirtualMachines/jdk1.8.0_111.jdk/Contents/Home/bin/java -Didea.launcher.port=7549 "-Didea.launcher.bin.path=/Applications/IntelliJ IDEA CE.app/Contents/bin" -Dfile.encoding=UTF-8 -classpath "/Library/Java/JavaVirtualMachines/jdk1.8.0_111.jdk/Contents/Home/jre/lib/charsets.jar:/Library/Java/JavaVirtualMachines/jdk1.8.0_111.jdk/Contents/Home/jre/lib/deploy.jar:/Library/Java/JavaVirtualMachines/jdk1.8.0_111.jdk/Contents/Home/jre/lib/ext/cldrdata.jar:/Library/Java/JavaVirtualMachines/jdk1.8.0_111.jdk/Contents/Home/jre/lib/ext/dnsns.jar:/Library/Java/JavaVirtualMachines/jdk1.8.0_111.jdk/Contents/Home/jre/lib/ext/jaccess.jar:/Library/Java/JavaVirtualMachines/jdk1.8.0_111.jdk/Contents/Home/jre/lib/ext/jfxrt.jar:/Library/Java/JavaVirtualMachines/jdk1.8.0_111.jdk/Contents/Home/jre/lib/ext/localedata.jar:/Library/Java/JavaVirtualMachines/jdk1.8.0_111.jdk/Contents/Home/jre/lib/ext/nashorn.jar:/Library/Java/JavaVirtualMachines/jdk1.8.0_111.jdk/Contents/Home/jre/lib/ext/sunec.jar:/Library/Java/JavaVirtualMachines/jdk1.8.0_111.jdk/Contents/Home/jre/lib/ext/sunjce_provider.jar:/Library/Java/JavaVirtualMachines/jdk1.8.0_111.jdk/Contents/Home/jre/lib/ext/sunpkcs11.jar:/Library/Java/JavaVirtualMachines/jdk1.8.0_111.jdk/Contents/Home/jre/lib/ext/zipfs.jar:/Library/Java/JavaVirtualMachines/jdk1.8.0_111.jdk/Contents/Home/jre/lib/javaws.jar:/Library/Java/JavaVirtualMachines/jdk1.8.0_111.jdk/Contents/Home/jre/lib/jce.jar:/Library/Java/JavaVirtualMachines/jdk1.8.0_111.jdk/Contents/Home/jre/lib/jfr.jar:/Library/Java/JavaVirtualMachines/jdk1.8.0_111.jdk/Contents/Home/jre/lib/jfxswt.jar:/Library/Java/JavaVirtualMachines/jdk1.8.0_111.jdk/Contents/Home/jre/lib/jsse.jar:/Library/Java/JavaVirtualMachines/jdk1.8.0_111.jdk/Contents/Home/jre/lib/management-agent.jar:/Library/Java/JavaVirtualMachines/jdk1.8.0_111.jdk/Contents/Home/jre/lib/plugin.jar:/Library/Java/JavaVirtualMachines/jdk1.8.0_111.jdk/Contents/Home/jre/lib/resources.jar:/Library/Java/JavaVirtualMachines/jdk1.8.0_111.jdk/Contents/Home/jre/lib/rt.jar:/Library/Java/JavaVirtualMachines/jdk1.8.0_111.jdk/Contents/Home/lib/ant-javafx.jar:/Library/Java/JavaVirtualMachines/jdk1.8.0_111.jdk/Contents/Home/lib/dt.jar:/Library/Java/JavaVirtualMachines/jdk1.8.0_111.jdk/Contents/Home/lib/javafx-mx.jar:/Library/Java/JavaVirtualMachines/jdk1.8.0_111.jdk/Contents/Home/lib/jconsole.jar:/Library/Java/JavaVirtualMachines/jdk1.8.0_111.jdk/Contents/Home/lib/packager.jar:/Library/Java/JavaVirtualMachines/jdk1.8.0_111.jdk/Contents/Home/lib/sa-jdi.jar:/Library/Java/JavaVirtualMachines/jdk1.8.0_111.jdk/Contents/Home/lib/tools.jar:/Users/zhicheng/Documents/IDEAProjects/CS838-DeepLearning/Lab2/out/production/Lab2:/Applications/IntelliJ IDEA CE.app/Contents/lib/idea_rt.jar" com.intellij.rt.execution.application.AppMain Lab2
Units: 10, rate: 0.5, dropout: 0.5, weight_decay: 0.0, momentum: 0.1
if (k == 200) network.rate = 0.1;
0, 0.19720678560982743, 0.15331300249514832, 0.2591130717436731, 0.2591130717436731
1, 0.19720678560982743, 0.15331300249514832, 0.2591130717436731, 0.2591130717436731
2, 0.19720678560982743, 0.15331300249514832, 0.2591130717436731, 0.2591130717436731
3, 0.19720678560982743, 0.15331300249514832, 0.2591130717436731, 0.2591130717436731
4, 0.19720678560982743, 0.15331300249514832, 0.2591130717436731, 0.2591130717436731
5, 0.19720678560982743, 0.15331300249514832, 0.2591130717436731, 0.2591130717436731
6, 0.19720678560982743, 0.15331300249514832, 0.2591130717436731, 0.2591130717436731
7, 0.19720678560982743, 0.15331300249514832, 0.2591130717436731, 0.2591130717436731
8, 0.19720678560982743, 0.15331300249514832, 0.2591130717436731, 0.2591130717436731
9, 0.19720678560982743, 0.15331300249514832, 0.2591130717436731, 0.2591130717436731
10, 0.19720678560982743, 0.15331300249514832, 0.2591130717436731, 0.2591130717436731
11, 0.19720678560982743, 0.15331300249514832, 0.2591130717436731, 0.2591130717436731
12, 0.19720678560982743, 0.15331300249514832, 0.2591130717436731, 0.2591130717436731
13, 0.19720678560982743, 0.15331300249514832, 0.2591130717436731, 0.2591130717436731
14, 0.19720678560982743, 0.15331300249514832, 0.2591130717436731, 0.2591130717436731
15, 0.19720678560982743, 0.15331300249514832, 0.2591130717436731, 0.2591130717436731
16, 0.19720678560982743, 0.15331300249514832, 0.2591130717436731, 0.2591130717436731
17, 0.19720678560982743, 0.15331300249514832, 0.2591130717436731, 0.2591130717436731
18, 0.19720678560982743, 0.15331300249514832, 0.2591130717436731, 0.2591130717436731
19, 0.19720678560982743, 0.15331300249514832, 0.2591130717436731, 0.2591130717436731
20, 0.19720678560982743, 0.15331300249514832, 0.2591130717436731, 0.2591130717436731
21, 0.19720678560982743, 0.15331300249514832, 0.2591130717436731, 0.2591130717436731
22, 0.19720678560982743, 0.15331300249514832, 0.2591130717436731, 0.2591130717436731
23, 0.19720678560982743, 0.15331300249514832, 0.2591130717436731, 0.2591130717436731
24, 0.19720678560982743, 0.15331300249514832, 0.2591130717436731, 0.2591130717436731
25, 0.19720678560982743, 0.15331300249514832, 0.2591130717436731, 0.2591130717436731
26, 0.19720678560982743, 0.15331300249514832, 0.2591130717436731, 0.2591130717436731
27, 0.19720678560982743, 0.15331300249514832, 0.2591130717436731, 0.2591130717436731
28, 0.19720678560982743, 0.15331300249514832, 0.2591130717436731, 0.2591130717436731
29, 0.19720678560982743, 0.15331300249514832, 0.2591130717436731, 0.2591130717436731
30, 0.19720678560982743, 0.15331300249514832, 0.2591130717436731, 0.2591130717436731
31, 0.19720678560982743, 0.15331300249514832, 0.2591130717436731, 0.2591130717436731
32, 0.19720678560982743, 0.15331300249514832, 0.2591130717436731, 0.2591130717436731
33, 0.19720678560982743, 0.15331300249514832, 0.2591130717436731, 0.2591130717436731
34, 0.19720678560982743, 0.15331300249514832, 0.2591130717436731, 0.2591130717436731
35, 0.19720678560982743, 0.15331300249514832, 0.2591130717436731, 0.2591130717436731
36, 0.19720678560982743, 0.15331300249514832, 0.2591130717436731, 0.2591130717436731
37, 0.19720678560982743, 0.15331300249514832, 0.2591130717436731, 0.2591130717436731
38, 0.19720678560982743, 0.15331300249514832, 0.2591130717436731, 0.2591130717436731
39, 0.19720678560982743, 0.15331300249514832, 0.2591130717436731, 0.2591130717436731
40, 0.19720678560982743, 0.15331300249514832, 0.2591130717436731, 0.2591130717436731
41, 0.19720678560982743, 0.15331300249514832, 0.2591130717436731, 0.2591130717436731
42, 0.19720678560982743, 0.15331300249514832, 0.2591130717436731, 0.2591130717436731
43, 0.19720678560982743, 0.15331300249514832, 0.2591130717436731, 0.2591130717436731
44, 0.19720678560982743, 0.15331300249514832, 0.2591130717436731, 0.2591130717436731
45, 0.19720678560982743, 0.15331300249514832, 0.2591130717436731, 0.2591130717436731
46, 0.19720678560982743, 0.15331300249514832, 0.2591130717436731, 0.2591130717436731
47, 0.19720678560982743, 0.15331300249514832, 0.2591130717436731, 0.2591130717436731
48, 0.19720678560982743, 0.15331300249514832, 0.2591130717436731, 0.2591130717436731
49, 0.19720678560982743, 0.15331300249514832, 0.2591130717436731, 0.2591130717436731
50, 0.19720678560982743, 0.15331300249514832, 0.2591130717436731, 0.2591130717436731
51, 0.19720678560982743, 0.15331300249514832, 0.2591130717436731, 0.2591130717436731
52, 0.30893536121673004, 0.27141668976989186, 0.386115625725563, 0.386115625725563
53, 0.27310617139514476, 0.22761297477127806, 0.3387508706756443, 0.386115625725563
54, 0.4459637320854051, 0.3842528416967009, 0.5212444857209194, 0.5212444857209194
55, 0.4230769230769231, 0.3609647906847796, 0.49895518922684, 0.5212444857209194
56, 0.3033781807546066, 0.24951483227058496, 0.37613187833759, 0.5212444857209194
57, 0.3444720678560983, 0.2883282506237871, 0.4097980032505224, 0.5212444857209194
58, 0.3628253875402164, 0.30551705018020514, 0.4295333178546552, 0.5212444857209194
59, 0.3882714243930974, 0.32741890767951204, 0.4585558393313211, 0.5212444857209194
60, 0.3740859900555718, 0.3113390629331855, 0.4416066867889482, 0.5212444857209194
61, 0.40267622111728574, 0.3432215137233158, 0.4710935686092408, 0.5212444857209194
62, 0.3916349809885932, 0.3329636817299695, 0.4625029022521477, 0.5212444857209194
63, 0.44866920152091255, 0.38730246742445246, 0.5191548641745994, 0.5212444857209194
64, 0.3887832699619772, 0.33157748821735517, 0.463431622939401, 0.5212444857209194
65, 0.4039192746417081, 0.34599390074854447, 0.4736475504991874, 0.5212444857209194
66, 0.41437554840596663, 0.3501524812863876, 0.4810773159972138, 0.5212444857209194
67, 0.41013454226381985, 0.34654837815359024, 0.4745762711864407, 0.5212444857209194
68, 0.4322901433167593, 0.3698364291655115, 0.5017413512886, 0.5212444857209194
69, 0.4228575606902603, 0.3587468810645966, 0.4933828651033202, 0.5212444857209194
70, 0.41634980988593157, 0.34848904907125033, 0.4843278384026004, 0.5212444857209194
71, 0.42775665399239543, 0.3620737454948711, 0.4910610633851869, 0.5212444857209194
72, 0.4426001754899093, 0.3742722484058775, 0.5045275133503598, 0.5212444857209194
73, 0.4260748756946476, 0.35625173274189076, 0.4917576039006269, 0.5212444857209194
74, 0.40742907282831237, 0.34460770723593015, 0.4766658927327606, 0.5212444857209194
75, 0.42527054694355076, 0.35930135846964234, 0.4929185047596935, 0.5212444857209194
76, 0.42709856683240716, 0.3587468810645966, 0.4929185047596935, 0.5212444857209194
77, 0.4378473237788827, 0.373163293595786, 0.5017413512886, 0.5212444857209194
78, 0.42943843229014333, 0.3648461325200998, 0.4954724866496401, 0.5212444857209194
79, 0.4224188359169348, 0.35819240365955085, 0.488971441838867, 0.5212444857209194
80, 0.43974846446329335, 0.3739950097033546, 0.5015091711167866, 0.5212444857209194
81, 0.44055279321439017, 0.3737177710008317, 0.5001160900859066, 0.5212444857209194
82, 0.44194208832992105, 0.3717771000831716, 0.50104481077316, 0.5212444857209194
83, 0.4123281661304475, 0.34821181036872745, 0.4829347573717205, 0.5212444857209194
84, 0.41905527932143904, 0.3504297199889104, 0.4824703970280938, 0.5212444857209194
85, 0.4542995027785902, 0.3823121707790407, 0.5094032969584398, 0.5212444857209194
86, 0.4412108803743785, 0.3742722484058775, 0.50104481077316, 0.5212444857209194
87, 0.4417958467388125, 0.37538120321596896, 0.4998839099140933, 0.5212444857209194
88, 0.4309739689967827, 0.3617965067923482, 0.488274901323427, 0.5212444857209194
89, 0.48179292190699036, 0.40532298308843917, 0.5416763408404922, 0.5416763408404922
90, 0.4355074583211465, 0.36345993900748547, 0.4919897840724402, 0.5416763408404922
91, 0.4422345715121381, 0.36955919046298863, 0.4966333875087068, 0.5416763408404922
92, 0.41598420590816026, 0.3532021070141392, 0.4796842349663339, 0.5416763408404922
93, 0.425051184556888, 0.35514277793179927, 0.486185279777107, 0.5416763408404922
94, 0.44252705469435505, 0.36928195176046574, 0.4961690271650801, 0.5416763408404922
95, 0.4565662474407722, 0.3831438868866094, 0.510332017645693, 0.5416763408404922
96, 0.4565662474407722, 0.38009426115885775, 0.5075458555839332, 0.5416763408404922
97, 0.4547382275519158, 0.38037149986138064, 0.5070814952403064, 0.5416763408404922
98, 0.4485960807253583, 0.3728860548932631, 0.50243789180404, 0.5416763408404922
99, 0.44691430242761043, 0.3706681452730801, 0.4984908288832134, 0.5416763408404922
100, 0.451667154138637, 0.373163293595786, 0.5042953331785466, 0.5416763408404922
101, 0.4584673881251828, 0.3823121707790407, 0.5147434409101462, 0.5416763408404922
102, 0.441357121965487, 0.36650956473523705, 0.4968655676805201, 0.5416763408404922
103, 0.44011406844106465, 0.36928195176046574, 0.4966333875087068, 0.5416763408404922
104, 0.4571512138052062, 0.38120321596894924, 0.512421639192013, 0.5416763408404922
105, 0.461392219947353, 0.3845300803992237, 0.5094032969584398, 0.5416763408404922
106, 0.44786487276981574, 0.37344053229830887, 0.5012769909449732, 0.5416763408404922
107, 0.47821000292483185, 0.4061546991960078, 0.5326213141397724, 0.5416763408404922
108, 0.4627815150628839, 0.3848073191017466, 0.511028558161133, 0.5416763408404922
109, 0.4744808423515648, 0.3997782090379817, 0.523798467610866, 0.5416763408404922
110, 0.46000292483182215, 0.38730246742445246, 0.5147434409101462, 0.5416763408404922
111, 0.45225212050307106, 0.37704463543110617, 0.5059205943812398, 0.5416763408404922
112, 0.4698742322316467, 0.3958968672026615, 0.5221732064081728, 0.5416763408404922
113, 0.4571512138052062, 0.37732187413362905, 0.5049918736939866, 0.5416763408404922
114, 0.45941795846738814, 0.37953978375381203, 0.5091711167866264, 0.5416763408404922
115, 0.4540070195963732, 0.3737177710008317, 0.5022057116322266, 0.5416763408404922
116, 0.46343960222287217, 0.383975602994178, 0.5149756210819596, 0.5416763408404922
117, 0.4415033635565955, 0.36706404214028276, 0.4970977478523334, 0.5416763408404922
118, 0.44823047674758704, 0.3712226226781259, 0.49895518922684, 0.5416763408404922
119, 0.46131909915179875, 0.37843082894372054, 0.5091711167866264, 0.5416763408404922
120, 0.46519450131617435, 0.3828666481840865, 0.5166008822846528, 0.5416763408404922
121, 0.4355805791167008, 0.362350984197394, 0.4908288832133736, 0.5416763408404922
122, 0.4533489324363849, 0.3690047130579429, 0.4987230090550267, 0.5416763408404922
123, 0.44472067856098274, 0.36761851954532854, 0.4973299280241467, 0.5416763408404922
124, 0.4435507458321147, 0.370945383975603, 0.4980264685395867, 0.5416763408404922
125, 0.45810178414741154, 0.3820349320765179, 0.509635477130253, 0.5416763408404922
126, 0.46577946768060835, 0.383975602994178, 0.5119572788483864, 0.5416763408404922
127, 0.4699473530272009, 0.3859162739118381, 0.5166008822846528, 0.5416763408404922
128, 0.46205030710734135, 0.3789853063487663, 0.511028558161133, 0.5416763408404922
129, 0.46131909915179875, 0.37843082894372054, 0.5070814952403064, 0.5416763408404922
130, 0.4668762796139222, 0.3820349320765179, 0.5112607383329464, 0.5416763408404922
131, 0.4597104416496052, 0.3742722484058775, 0.5087067564429998, 0.5416763408404922
132, 0.46365896460953493, 0.37815359024119766, 0.511725098676573, 0.5416763408404922
133, 0.47272594325826267, 0.3928472414749099, 0.5256559089853726, 0.5416763408404922
134, 0.46248903188066687, 0.37565844191849185, 0.5094032969584398, 0.5416763408404922
135, 0.45992980403626793, 0.3751039645134461, 0.5080102159275598, 0.5416763408404922
136, 0.46665691722725944, 0.3823121707790407, 0.5126538193638264, 0.5416763408404922
137, 0.46080725358291896, 0.37676739672858334, 0.5049918736939866, 0.5416763408404922
138, 0.4640976893828605, 0.3823121707790407, 0.510332017645693, 0.5416763408404922
139, 0.46117285756069026, 0.37759911283615194, 0.5091711167866264, 0.5416763408404922
140, 0.4699473530272009, 0.3859162739118381, 0.515207801253773, 0.5416763408404922
141, 0.4834747002047382, 0.39894649293041307, 0.5312282331088926, 0.5416763408404922
142, 0.4708979233694063, 0.38924313834211255, 0.5170652426282796, 0.5416763408404922
143, 0.48230476747587014, 0.40033268644302744, 0.5300673322498258, 0.5416763408404922
144, 0.4879350687335478, 0.405600221790962, 0.5296029719061992, 0.5416763408404922
145, 0.49561275226674467, 0.4128084280565567, 0.540051079637799, 0.5416763408404922
146, 0.48318221702252123, 0.40005544774050456, 0.5312282331088926, 0.5416763408404922
147, 0.4844983913424978, 0.4061546991960078, 0.5319247736243324, 0.5416763408404922
148, 0.493711611582334, 0.4136401441641253, 0.5395867192941722, 0.5416763408404922
149, 0.49875694647557767, 0.4166897698918769, 0.5437659623868122, 0.5437659623868122
150, 0.5242029833284586, 0.4460770723593014, 0.5572324123519852, 0.5572324123519852
151, 0.5029248318221702, 0.418630440809537, 0.5451590434176922, 0.5572324123519852
152, 0.5295408014039192, 0.44108677571388966, 0.565590898537265, 0.565590898537265
153, 0.5437262357414449, 0.45411699473246464, 0.5695379614580914, 0.5695379614580914
154, 0.5146972799064053, 0.42916551150540616, 0.5546784304620386, 0.5695379614580914
155, 0.5374378473237789, 0.4435819240365955, 0.5639656373345716, 0.5695379614580914
156, 0.5133079847908745, 0.4197393956196285, 0.5495704666821454, 0.5695379614580914
157, 0.5470166715413863, 0.4546714721375104, 0.565590898537265, 0.5695379614580914
158, 0.5615677098566833, 0.47130579428888275, 0.5781286278151846, 0.5781286278151846
159, 0.5389733840304183, 0.4482949819794843, 0.5709310424889714, 0.5781286278151846
160, 0.5442380813103247, 0.45273080121985027, 0.5716275830044114, 0.5781286278151846
161, 0.5783123720386077, 0.4796229553645689, 0.5806826097051312, 0.5806826097051312
162, 0.5495027785902311, 0.45383975602994175, 0.5695379614580914, 0.5806826097051312
163, 0.5446768060836502, 0.4485722206820072, 0.5711632226607848, 0.5806826097051312
164, 0.5617139514477918, 0.46437482672581093, 0.5746459252379846, 0.5806826097051312
165, 0.5364141561860193, 0.4374826725810923, 0.5611794752728118, 0.5806826097051312
166, 0.5497952617724481, 0.4543942334349875, 0.5667517993963316, 0.5806826097051312
167, 0.5439455981281076, 0.44330468533407263, 0.5539818899465986, 0.5806826097051312
168, 0.5727551915764844, 0.47352370390906573, 0.5746459252379846, 0.5806826097051312
169, 0.5567417373501024, 0.4593845300803992, 0.5688414209426514, 0.5806826097051312
170, 0.551184556887979, 0.4496811754920987, 0.5595542140701184, 0.5806826097051312
171, 0.5738520035097981, 0.47186027169392847, 0.571395402832598, 0.5806826097051312
172, 0.5527932143901726, 0.4477405045744386, 0.5658230787090782, 0.5806826097051312
173, 0.5820415326118749, 0.48128638757970615, 0.5799860691896912, 0.5806826097051312
174, 0.5586428780345131, 0.4566121430551705, 0.5588576735546784, 0.5806826097051312
175, 0.5778736472652822, 0.47518713612420294, 0.5753424657534246, 0.5806826097051312
176, 0.5590816028078386, 0.45605766565012473, 0.5711632226607848, 0.5806826097051312
177, 0.5936677391050015, 0.4799001940670918, 0.576967726956118, 0.5806826097051312
178, 0.5917665984205908, 0.4884945938453008, 0.5820756907360112, 0.5820756907360112
179, 0.5887686458028664, 0.4785140005544774, 0.577664267471558, 0.5820756907360112
180, 0.5703422053231939, 0.4654837815359024, 0.5709310424889714, 0.5820756907360112
181, 0.5633957297455396, 0.46021624618796786, 0.5711632226607848, 0.5820756907360112
182, 0.5547674758701374, 0.4463543110618242, 0.5637334571627584, 0.5820756907360112
183, 0.5661743199766014, 0.4579983365677849, 0.5700023218017182, 0.5820756907360112
184, 0.5622989178122259, 0.45411699473246464, 0.5674483399117716, 0.5820756907360112
185, 0.5682217022521205, 0.46215691710562795, 0.5693057812862782, 0.5820756907360112
186, 0.5719508628253875, 0.4665927363459939, 0.5737172045507314, 0.5820756907360112
187, 0.5564492541678854, 0.44302744663154975, 0.5611794752728118, 0.5820756907360112
188, 0.5931558935361216, 0.48794011644025503, 0.5792895286742512, 0.5820756907360112
189, 0.5593740859900556, 0.45023565289714446, 0.5672161597399582, 0.5820756907360112
190, 0.5656624744077215, 0.45605766565012473, 0.5637334571627584, 0.5820756907360112
191, 0.5950570342205324, 0.4890490712503465, 0.5799860691896912, 0.5820756907360112
192, 0.5669786487276982, 0.4566121430551705, 0.5644299976781982, 0.5820756907360112
193, 0.5601052939455982, 0.4505128915996673, 0.5686092407708382, 0.5820756907360112
194, 0.5624451594033343, 0.44912669808705297, 0.5700023218017182, 0.5820756907360112
195, 0.5804328751096812, 0.4699196007762684, 0.5697701416299048, 0.5820756907360112
196, 0.5549868382568003, 0.4452453562517327, 0.5604829347573718, 0.5820756907360112
197, 0.5871599883006727, 0.47712780704186303, 0.5809147898769446, 0.5820756907360112
198, 0.5707809300965194, 0.46132520099805935, 0.5711632226607848, 0.5820756907360112
199, 0.5814565662474408, 0.47352370390906573, 0.577664267471558, 0.5820756907360112
200, 0.7108803743784733, 0.594399778209038, 0.6410494543765962, 0.6410494543765962
201, 0.7067856098274349, 0.5938453008039922, 0.6426747155792896, 0.6426747155792896
202, 0.71168470312957, 0.5957859717216524, 0.6429068957511028, 0.6429068957511028
203, 0.710807253582919, 0.596617687829221, 0.6431390759229162, 0.6431390759229162
204, 0.7131471190406552, 0.5946770169115608, 0.6429068957511028, 0.6431390759229162
205, 0.7120503071073413, 0.594399778209038, 0.6436034362665428, 0.6436034362665428
206, 0.7130008774495467, 0.594399778209038, 0.6445321569537962, 0.6445321569537962
207, 0.7100760456273765, 0.5938453008039922, 0.6424425354074762, 0.6445321569537962
208, 0.7123427902895584, 0.5952314943166066, 0.6424425354074762, 0.6445321569537962
209, 0.712269669494004, 0.5974494039367896, 0.6417459948920362, 0.6445321569537962
210, 0.7146095349517403, 0.5924591072913779, 0.6429068957511028, 0.6445321569537962
211, 0.7097835624451594, 0.5935680621014694, 0.6447643371256094, 0.6447643371256094
212, 0.7165837964317052, 0.5924591072913779, 0.6433712560947296, 0.6447643371256094
213, 0.7128546358584381, 0.5952314943166066, 0.6447643371256094, 0.6447643371256094
214, 0.7163644340450425, 0.596340449126698, 0.6433712560947296, 0.6447643371256094
215, 0.7140245685873062, 0.5913501524812864, 0.6440677966101694, 0.6447643371256094
216, 0.7154138637028371, 0.5946770169115608, 0.6426747155792896, 0.6447643371256094
217, 0.7160719508628254, 0.5980038813418354, 0.6431390759229162, 0.6447643371256094
218, 0.717095642000585, 0.5977266426393124, 0.6438356164383562, 0.6447643371256094
219, 0.7106610119918104, 0.5949542556140838, 0.6429068957511028, 0.6447643371256094
220, 0.7150482597250658, 0.5930135846964236, 0.6447643371256094, 0.6447643371256094
221, 0.7156332260894999, 0.5952314943166066, 0.6447643371256094, 0.6447643371256094
222, 0.7160719508628254, 0.5955087330191294, 0.6438356164383562, 0.6447643371256094
223, 0.7162181924539339, 0.596617687829221, 0.6429068957511028, 0.6447643371256094
224, 0.7176074875694648, 0.596617687829221, 0.6442999767819828, 0.6447643371256094
225, 0.7132933606317636, 0.5949542556140838, 0.6436034362665428, 0.6447643371256094
226, 0.7175343667739105, 0.596340449126698, 0.6449965172974228, 0.6449965172974228
227, 0.7119040655162329, 0.5935680621014694, 0.6438356164383562, 0.6449965172974228
228, 0.7149751389295116, 0.5980038813418354, 0.6419781750638496, 0.6449965172974228
229, 0.7124159110851126, 0.5935680621014694, 0.6440677966101694, 0.6449965172974228
230, 0.7182655747294531, 0.5949542556140838, 0.6449965172974228, 0.6449965172974228
231, 0.7169494004094764, 0.5935680621014694, 0.6447643371256094, 0.6449965172974228
232, 0.713951447791752, 0.596617687829221, 0.6436034362665428, 0.6449965172974228
233, 0.7143170517695232, 0.5941225395065151, 0.6438356164383562, 0.6449965172974228
234, 0.7166569172272594, 0.5977266426393124, 0.6419781750638496, 0.6449965172974228
235, 0.7147557765428488, 0.5924591072913779, 0.6424425354074762, 0.6449965172974228
236, 0.7200204738227552, 0.5932908233989465, 0.6405850940329696, 0.6449965172974228
237, 0.7154138637028371, 0.5971721652342667, 0.6405850940329696, 0.6449965172974228
238, 0.7200935946183095, 0.5971721652342667, 0.6431390759229162, 0.6449965172974228
239, 0.7094179584673881, 0.596617687829221, 0.6384954724866496, 0.6449965172974228
240, 0.7181193331383445, 0.5982811200443582, 0.6424425354074762, 0.6449965172974228
241, 0.7206785609827435, 0.5974494039367896, 0.6422103552356628, 0.6449965172974228
242, 0.7187774202983328, 0.594399778209038, 0.6438356164383562, 0.6449965172974228
243, 0.7197279906405382, 0.594399778209038, 0.6429068957511028, 0.6449965172974228
244, 0.7182655747294531, 0.5932908233989465, 0.6431390759229162, 0.6449965172974228
245, 0.7154869844983913, 0.5955087330191294, 0.6424425354074762, 0.6449965172974228
246, 0.7166569172272594, 0.5930135846964236, 0.6422103552356628, 0.6449965172974228
247, 0.714828897338403, 0.5982811200443582, 0.6424425354074762, 0.6449965172974228
248, 0.7173150043872477, 0.598835597449404, 0.6403529138611562, 0.6449965172974228
249, 0.7168762796139222, 0.5932908233989465, 0.6403529138611562, 0.6449965172974228
250, 0.717680608365019, 0.5938453008039922, 0.6426747155792896, 0.6449965172974228
251, 0.7149751389295116, 0.5955087330191294, 0.637334571627583, 0.6449965172974228
252, 0.7183386955250073, 0.5977266426393124, 0.639424193173903, 0.6449965172974228
253, 0.7158525884761626, 0.596340449126698, 0.638031112143023, 0.6449965172974228
254, 0.7157794676806084, 0.5938453008039922, 0.6410494543765962, 0.6449965172974228
255, 0.7214828897338403, 0.5957859717216524, 0.6403529138611562, 0.6449965172974228
256, 0.721117285756069, 0.5955087330191294, 0.6426747155792896, 0.6449965172974228
257, 0.7168762796139222, 0.5941225395065151, 0.6422103552356628, 0.6449965172974228
258, 0.7174612459783563, 0.5996673135569726, 0.640120733689343, 0.6449965172974228
259, 0.7160719508628254, 0.5946770169115608, 0.6405850940329696, 0.6449965172974228
260, 0.7203129570049722, 0.5946770169115608, 0.6415138147202228, 0.6449965172974228
261, 0.7223603392804914, 0.5957859717216524, 0.6422103552356628, 0.6449965172974228
262, 0.7193623866627669, 0.594399778209038, 0.6391920130020896, 0.6449965172974228
263, 0.7210441649605148, 0.5952314943166066, 0.6422103552356628, 0.6449965172974228
264, 0.7195086282538754, 0.5916273911838092, 0.6384954724866496, 0.6449965172974228
265, 0.7206785609827435, 0.596617687829221, 0.6415138147202228, 0.6449965172974228
266, 0.7215560105293946, 0.5993900748544497, 0.6398885535175296, 0.6449965172974228
267, 0.7178268499561276, 0.5941225395065151, 0.6426747155792896, 0.6449965172974228
268, 0.7183386955250073, 0.5932908233989465, 0.6398885535175296, 0.6449965172974228
269, 0.7182655747294531, 0.5955087330191294, 0.6398885535175296, 0.6449965172974228
270, 0.7194355074583212, 0.5930135846964236, 0.6424425354074762, 0.6449965172974228
271, 0.7178999707516818, 0.5971721652342667, 0.640120733689343, 0.6449965172974228
272, 0.7151945013161743, 0.594399778209038, 0.6429068957511028, 0.6449965172974228
273, 0.717680608365019, 0.5955087330191294, 0.640120733689343, 0.6449965172974228
274, 0.710807253582919, 0.5927363459939008, 0.6424425354074762, 0.6449965172974228
275, 0.7150482597250658, 0.5919046298863321, 0.6405850940329696, 0.6449965172974228
276, 0.7187774202983328, 0.594399778209038, 0.640120733689343, 0.6449965172974228
277, 0.7236033928049137, 0.5974494039367896, 0.6396563733457162, 0.6449965172974228
278, 0.720532319391635, 0.5927363459939008, 0.6382632923148364, 0.6449965172974228
279, 0.7192892658672126, 0.592181868588855, 0.639424193173903, 0.6449965172974228
280, 0.7194355074583212, 0.5946770169115608, 0.638727652658463, 0.6449965172974228
281, 0.7171687627961392, 0.5941225395065151, 0.6403529138611562, 0.6449965172974228
282, 0.7140245685873062, 0.5930135846964236, 0.638727652658463, 0.6449965172974228
283, 0.7218484937116115, 0.5941225395065151, 0.638727652658463, 0.6449965172974228
284, 0.7163644340450425, 0.596617687829221, 0.638727652658463, 0.6449965172974228
285, 0.7143170517695232, 0.5924591072913779, 0.6389598328302762, 0.6449965172974228
286, 0.7215560105293946, 0.5957859717216524, 0.6384954724866496, 0.6449965172974228
287, 0.7217022521205031, 0.5916273911838092, 0.640817274204783, 0.6449965172974228
288, 0.7223603392804914, 0.5938453008039922, 0.6389598328302762, 0.6449965172974228
289, 0.7198742322316467, 0.5949542556140838, 0.6382632923148364, 0.6449965172974228
290, 0.7224334600760456, 0.5971721652342667, 0.6391920130020896, 0.6449965172974228
291, 0.7173150043872477, 0.5919046298863321, 0.640120733689343, 0.6449965172974228
292, 0.7215560105293946, 0.5974494039367896, 0.6389598328302762, 0.6449965172974228
293, 0.724846446329336, 0.5941225395065151, 0.638727652658463, 0.6449965172974228
294, 0.7225065808715999, 0.5952314943166066, 0.6391920130020896, 0.6449965172974228
295, 0.7219947353027201, 0.5952314943166066, 0.637334571627583, 0.6449965172974228
296, 0.7227259432582627, 0.5949542556140838, 0.6382632923148364, 0.6449965172974228
297, 0.7167300380228137, 0.5927363459939008, 0.6405850940329696, 0.6449965172974228
298, 0.7198742322316467, 0.594399778209038, 0.6389598328302762, 0.6449965172974228
299, 0.7193623866627669, 0.5916273911838092, 0.640120733689343, 0.6449965172974228
300, 0.7211904065516233, 0.594399778209038, 0.6419781750638496, 0.6449965172974228
301, 0.7192892658672126, 0.594399778209038, 0.639424193173903, 0.6449965172974228
302, 0.7192892658672126, 0.5938453008039922, 0.6396563733457162, 0.6449965172974228
303, 0.7263088622404211, 0.5977266426393124, 0.640817274204783, 0.6449965172974228
304, 0.7254314126937701, 0.5977266426393124, 0.6396563733457162, 0.6449965172974228
305, 0.7198011114360924, 0.5932908233989465, 0.639424193173903, 0.6449965172974228
306, 0.720532319391635, 0.5927363459939008, 0.6405850940329696, 0.6449965172974228
307, 0.7227259432582627, 0.5932908233989465, 0.6398885535175296, 0.6449965172974228
308, 0.7216291313249488, 0.5919046298863321, 0.6403529138611562, 0.6449965172974228
309, 0.7236765136004679, 0.5957859717216524, 0.6377989319712096, 0.6449965172974228
310, 0.7233109096226967, 0.5960632104241752, 0.6391920130020896, 0.6449965172974228
311, 0.7220678560982744, 0.5955087330191294, 0.638727652658463, 0.6449965172974228
312, 0.7159257092717168, 0.5916273911838092, 0.640120733689343, 0.6449965172974228
313, 0.7173150043872477, 0.5968949265317438, 0.6396563733457162, 0.6449965172974228
314, 0.7197279906405382, 0.5941225395065151, 0.640817274204783, 0.6449965172974228
315, 0.7193623866627669, 0.594399778209038, 0.637334571627583, 0.6449965172974228
316, 0.7206785609827435, 0.5938453008039922, 0.638727652658463, 0.6449965172974228
317, 0.7225065808715999, 0.5941225395065151, 0.6371023914557696, 0.6449965172974228
318, 0.723384030418251, 0.594399778209038, 0.638031112143023, 0.6449965172974228
319, 0.7249195671248904, 0.596340449126698, 0.6371023914557696, 0.6449965172974228
320, 0.7249926879204446, 0.5957859717216524, 0.6382632923148364, 0.6449965172974228
321, 0.7237496343960222, 0.5949542556140838, 0.6375667517993964, 0.6449965172974228
322, 0.7200204738227552, 0.592181868588855, 0.638727652658463, 0.6449965172974228
323, 0.7203860778005264, 0.5913501524812864, 0.6389598328302762, 0.6449965172974228
324, 0.7203860778005264, 0.5946770169115608, 0.638031112143023, 0.6449965172974228
325, 0.7240421175782392, 0.5938453008039922, 0.6375667517993964, 0.6449965172974228
326, 0.7260894998537584, 0.5971721652342667, 0.637334571627583, 0.6449965172974228
327, 0.7211904065516233, 0.5938453008039922, 0.6396563733457162, 0.6449965172974228
328, 0.721409768938286, 0.5946770169115608, 0.637334571627583, 0.6449965172974228
329, 0.7203129570049722, 0.5952314943166066, 0.6375667517993964, 0.6449965172974228
330, 0.7208979233694063, 0.5980038813418354, 0.637334571627583, 0.6449965172974228
331, 0.7260894998537584, 0.5968949265317438, 0.6371023914557696, 0.6449965172974228
332, 0.7263819830359755, 0.5960632104241752, 0.6364058509403296, 0.6449965172974228
333, 0.7222140976893828, 0.5924591072913779, 0.6371023914557696, 0.6449965172974228
334, 0.7226528224627083, 0.5960632104241752, 0.6364058509403296, 0.6449965172974228
335, 0.7195086282538754, 0.5946770169115608, 0.637334571627583, 0.6449965172974228
336, 0.7252851711026616, 0.5935680621014694, 0.638031112143023, 0.6449965172974228
337, 0.7237496343960222, 0.5938453008039922, 0.637334571627583, 0.6449965172974228
338, 0.7191430242761041, 0.5935680621014694, 0.6368702112839564, 0.6449965172974228
339, 0.7241152383737935, 0.5938453008039922, 0.6382632923148364, 0.6449965172974228
340, 0.7229453056449254, 0.5932908233989465, 0.6371023914557696, 0.6449965172974228
341, 0.723091547236034, 0.5982811200443582, 0.634548409565823, 0.6449965172974228
342, 0.7249195671248904, 0.5960632104241752, 0.637334571627583, 0.6449965172974228
343, 0.7213366481427318, 0.594399778209038, 0.6375667517993964, 0.6449965172974228
344, 0.7231646680315882, 0.5955087330191294, 0.6364058509403296, 0.6449965172974228
345, 0.7218484937116115, 0.5935680621014694, 0.6364058509403296, 0.6449965172974228
346, 0.7207516817782977, 0.5907956750762406, 0.638031112143023, 0.6449965172974228
347, 0.7244808423515647, 0.5938453008039922, 0.6364058509403296, 0.6449965172974228
348, 0.7227990640538169, 0.5919046298863321, 0.6368702112839564, 0.6449965172974228
349, 0.7217753729160573, 0.5910729137787635, 0.6384954724866496, 0.6449965172974228
350, 0.7250658087159988, 0.5930135846964236, 0.637334571627583, 0.6449965172974228
351, 0.7169494004094764, 0.596617687829221, 0.6389598328302762, 0.6449965172974228
352, 0.7232377888271424, 0.594399778209038, 0.6364058509403296, 0.6449965172974228
353, 0.7297455396314712, 0.5960632104241752, 0.636638031112143, 0.6449965172974228
354, 0.7260894998537584, 0.5952314943166066, 0.6361736707685164, 0.6449965172974228
355, 0.7223603392804914, 0.594399778209038, 0.638031112143023, 0.6449965172974228
356, 0.7268938286048552, 0.5957859717216524, 0.637334571627583, 0.6449965172974228
357, 0.7236033928049137, 0.5924591072913779, 0.6354771302530764, 0.6449965172974228
358, 0.7269669494004095, 0.5952314943166066, 0.6368702112839564, 0.6449965172974228
359, 0.7247002047382276, 0.5932908233989465, 0.6354771302530764, 0.6449965172974228
360, 0.723091547236034, 0.5977266426393124, 0.6364058509403296, 0.6449965172974228
361, 0.7227990640538169, 0.594399778209038, 0.6364058509403296, 0.6449965172974228
362, 0.7217022521205031, 0.5941225395065151, 0.6368702112839564, 0.6449965172974228
363, 0.7272594325826265, 0.5927363459939008, 0.6368702112839564, 0.6449965172974228
364, 0.7232377888271424, 0.5924591072913779, 0.6382632923148364, 0.6449965172974228
365, 0.723091547236034, 0.5949542556140838, 0.636638031112143, 0.6449965172974228
366, 0.7249926879204446, 0.5971721652342667, 0.6357093104248898, 0.6449965172974228
367, 0.7252120503071073, 0.596617687829221, 0.6377989319712096, 0.6449965172974228
368, 0.7306961099736765, 0.5941225395065151, 0.6361736707685164, 0.6449965172974228
369, 0.7236033928049137, 0.5907956750762406, 0.636638031112143, 0.6449965172974228
370, 0.7236765136004679, 0.5941225395065151, 0.6377989319712096, 0.6449965172974228
371, 0.7225797016671541, 0.5968949265317438, 0.6364058509403296, 0.6449965172974228
372, 0.726528224627084, 0.5949542556140838, 0.6375667517993964, 0.6449965172974228
373, 0.7260894998537584, 0.5949542556140838, 0.6368702112839564, 0.6449965172974228
374, 0.7279175197426148, 0.5949542556140838, 0.6347805897376364, 0.6449965172974228
375, 0.7287218484937116, 0.5916273911838092, 0.633851869050383, 0.6449965172974228
376, 0.727405674173735, 0.5902411976711949, 0.6350127699094498, 0.6449965172974228
377, 0.7263088622404211, 0.5916273911838092, 0.6354771302530764, 0.6449965172974228
378, 0.7198011114360924, 0.5952314943166066, 0.6364058509403296, 0.6449965172974228
379, 0.7246270839426733, 0.5927363459939008, 0.6384954724866496, 0.6449965172974228
380, 0.7301842644047968, 0.5946770169115608, 0.6336196888785698, 0.6449965172974228
381, 0.7276250365603978, 0.592181868588855, 0.6343162293940098, 0.6449965172974228
382, 0.7238227551915765, 0.5949542556140838, 0.635244950081263, 0.6449965172974228
383, 0.726820707809301, 0.5946770169115608, 0.6354771302530764, 0.6449965172974228
384, 0.7214828897338403, 0.5941225395065151, 0.6368702112839564, 0.6449965172974228
385, 0.727405674173735, 0.594399778209038, 0.6357093104248898, 0.6449965172974228
386, 0.7222140976893828, 0.589963958968672, 0.636638031112143, 0.6449965172974228
387, 0.7281368821292775, 0.5952314943166066, 0.634548409565823, 0.6449965172974228
388, 0.723968996782685, 0.5932908233989465, 0.6357093104248898, 0.6449965172974228
389, 0.7279906405381691, 0.5930135846964236, 0.6326909681913164, 0.6449965172974228
390, 0.7259432582626499, 0.5991128361519268, 0.633851869050383, 0.6449965172974228
391, 0.719654869844984, 0.5968949265317438, 0.6357093104248898, 0.6449965172974228
392, 0.7332553378180755, 0.5941225395065151, 0.6331553285349432, 0.6449965172974228
393, 0.7263819830359755, 0.5916273911838092, 0.6340840492221964, 0.6449965172974228
394, 0.7298186604270255, 0.5935680621014694, 0.6340840492221964, 0.6449965172974228
395, 0.7318660427025446, 0.5949542556140838, 0.6357093104248898, 0.6449965172974228
396, 0.7318660427025446, 0.5941225395065151, 0.6347805897376364, 0.6449965172974228
397, 0.7263819830359755, 0.596340449126698, 0.6350127699094498, 0.6449965172974228
398, 0.7279175197426148, 0.5924591072913779, 0.6347805897376364, 0.6449965172974228
399, 0.7284293653114946, 0.5935680621014694, 0.634548409565823, 0.6449965172974228
400, 0.7250658087159988, 0.5916273911838092, 0.635244950081263, 0.6449965172974228
401, 0.7217753729160573, 0.5935680621014694, 0.634548409565823, 0.6449965172974228
402, 0.7287218484937116, 0.5927363459939008, 0.6357093104248898, 0.6449965172974228
403, 0.7257970166715414, 0.5932908233989465, 0.6364058509403296, 0.6449965172974228
404, 0.7266013454226382, 0.5894094815636263, 0.6364058509403296, 0.6449965172974228
405, 0.7237496343960222, 0.594399778209038, 0.6361736707685164, 0.6449965172974228
406, 0.7275519157648436, 0.5902411976711949, 0.6357093104248898, 0.6449965172974228
407, 0.7249195671248904, 0.596340449126698, 0.6354771302530764, 0.6449965172974228
408, 0.7254314126937701, 0.5952314943166066, 0.6333875087067564, 0.6449965172974228
409, 0.7234571512138052, 0.5896867202661491, 0.6357093104248898, 0.6449965172974228
410, 0.7260163790582042, 0.5980038813418354, 0.6331553285349432, 0.6449965172974228
411, 0.7247733255337818, 0.5946770169115608, 0.6331553285349432, 0.6449965172974228
412, 0.7247002047382276, 0.5913501524812864, 0.6326909681913164, 0.6449965172974228
413, 0.730842351564785, 0.5935680621014694, 0.6329231483631298, 0.6449965172974228
414, 0.7277712781515063, 0.5941225395065151, 0.6347805897376364, 0.6449965172974228
415, 0.7240421175782392, 0.592181868588855, 0.6331553285349432, 0.6449965172974228
416, 0.730257385200351, 0.5955087330191294, 0.6354771302530764, 0.6449965172974228
417, 0.726820707809301, 0.5932908233989465, 0.6343162293940098, 0.6449965172974228
418, 0.7279906405381691, 0.5910729137787635, 0.633851869050383, 0.6449965172974228
419, 0.7240421175782392, 0.5924591072913779, 0.6329231483631298, 0.6449965172974228
420, 0.7336209417958467, 0.5968949265317438, 0.6317622475040632, 0.6449965172974228
421, 0.7270400701959637, 0.5924591072913779, 0.6340840492221964, 0.6449965172974228
422, 0.7304767475870138, 0.5927363459939008, 0.6319944276758764, 0.6449965172974228
423, 0.7250658087159988, 0.596340449126698, 0.6324587880195032, 0.6449965172974228
424, 0.727405674173735, 0.5946770169115608, 0.634548409565823, 0.6449965172974228
425, 0.7285756069026031, 0.5941225395065151, 0.6354771302530764, 0.6449965172974228
426, 0.7286487276981574, 0.596617687829221, 0.6357093104248898, 0.6449965172974228
427, 0.7293799356537, 0.598558358746881, 0.6340840492221964, 0.6449965172974228
428, 0.7295992980403627, 0.5941225395065151, 0.634548409565823, 0.6449965172974228
429, 0.7293068148581456, 0.5949542556140838, 0.6357093104248898, 0.6449965172974228
430, 0.7216291313249488, 0.592181868588855, 0.637334571627583, 0.6449965172974228
431, 0.7258701374670956, 0.5919046298863321, 0.637334571627583, 0.6449965172974228
432, 0.727698157355952, 0.594399778209038, 0.635244950081263, 0.6449965172974228
433, 0.7279906405381691, 0.5910729137787635, 0.634548409565823, 0.6449965172974228
434, 0.7300380228136882, 0.5960632104241752, 0.6340840492221964, 0.6449965172974228
435, 0.7280637613337233, 0.5930135846964236, 0.6354771302530764, 0.6449965172974228
436, 0.7325241298625329, 0.5955087330191294, 0.6347805897376364, 0.6449965172974228
437, 0.7245539631471191, 0.5919046298863321, 0.634548409565823, 0.6449965172974228
438, 0.731134834747002, 0.5960632104241752, 0.6354771302530764, 0.6449965172974228
439, 0.7298917812225797, 0.596340449126698, 0.6343162293940098, 0.6449965172974228
440, 0.727698157355952, 0.5919046298863321, 0.6336196888785698, 0.6449965172974228
441, 0.7313541971336648, 0.5955087330191294, 0.6357093104248898, 0.6449965172974228
442, 0.7287218484937116, 0.5941225395065151, 0.6350127699094498, 0.6449965172974228
443, 0.7267475870137468, 0.5946770169115608, 0.634548409565823, 0.6449965172974228
444, 0.7330359754314127, 0.5919046298863321, 0.6329231483631298, 0.6449965172974228
445, 0.7309154723603393, 0.5957859717216524, 0.6347805897376364, 0.6449965172974228
446, 0.7310617139514478, 0.5957859717216524, 0.6357093104248898, 0.6449965172974228
447, 0.7247002047382276, 0.5952314943166066, 0.6343162293940098, 0.6449965172974228
448, 0.7257970166715414, 0.5935680621014694, 0.6357093104248898, 0.6449965172974228
449, 0.7291605732670371, 0.5960632104241752, 0.633851869050383, 0.6449965172974228
450, 0.7241152383737935, 0.5924591072913779, 0.6357093104248898, 0.6449965172974228
451, 0.727405674173735, 0.5927363459939008, 0.6343162293940098, 0.6449965172974228
452, 0.7282831237203861, 0.5935680621014694, 0.6340840492221964, 0.6449965172974228
453, 0.7292336940625914, 0.5910729137787635, 0.6329231483631298, 0.6449965172974228
454, 0.7272594325826265, 0.5946770169115608, 0.6333875087067564, 0.6449965172974228
455, 0.7269669494004095, 0.592181868588855, 0.6331553285349432, 0.6449965172974228
456, 0.7264551038315297, 0.5949542556140838, 0.6329231483631298, 0.6449965172974228
457, 0.7274787949692892, 0.5960632104241752, 0.6324587880195032, 0.6449965172974228
458, 0.7260163790582042, 0.5957859717216524, 0.6324587880195032, 0.6449965172974228
459, 0.7290143316759287, 0.5946770169115608, 0.633851869050383, 0.6449965172974228
460, 0.7261626206493127, 0.5938453008039922, 0.6331553285349432, 0.6449965172974228
461, 0.7292336940625914, 0.5968949265317438, 0.633851869050383, 0.6449965172974228
462, 0.7285756069026031, 0.5941225395065151, 0.6336196888785698, 0.6449965172974228
463, 0.7315735595203275, 0.5913501524812864, 0.6336196888785698, 0.6449965172974228
464, 0.7269669494004095, 0.5955087330191294, 0.6364058509403296, 0.6449965172974228
465, 0.7244808423515647, 0.5932908233989465, 0.635244950081263, 0.6449965172974228
466, 0.7247002047382276, 0.5952314943166066, 0.6364058509403296, 0.6449965172974228
467, 0.7303305059959052, 0.589963958968672, 0.6333875087067564, 0.6449965172974228
468, 0.7317198011114361, 0.5930135846964236, 0.6343162293940098, 0.6449965172974228
469, 0.7310617139514478, 0.5946770169115608, 0.6340840492221964, 0.6449965172974228
470, 0.7285024861070488, 0.5888550041585805, 0.6331553285349432, 0.6449965172974228
471, 0.7260894998537584, 0.5919046298863321, 0.6343162293940098, 0.6449965172974228
472, 0.7299649020181339, 0.594399778209038, 0.6340840492221964, 0.6449965172974228
473, 0.7290143316759287, 0.5938453008039922, 0.6329231483631298, 0.6449965172974228
474, 0.7317929219069903, 0.5930135846964236, 0.635941490596703, 0.6449965172974228
475, 0.7249926879204446, 0.5949542556140838, 0.636638031112143, 0.6449965172974228
476, 0.726820707809301, 0.596617687829221, 0.6384954724866496, 0.6449965172974228
477, 0.7328897338403042, 0.5941225395065151, 0.6357093104248898, 0.6449965172974228
478, 0.7337671833869552, 0.5955087330191294, 0.6329231483631298, 0.6449965172974228
479, 0.7288680900848201, 0.5907956750762406, 0.6354771302530764, 0.6449965172974228
480, 0.7295261772448084, 0.5935680621014694, 0.6357093104248898, 0.6449965172974228
481, 0.7260163790582042, 0.5894094815636263, 0.6347805897376364, 0.6449965172974228
482, 0.7322316466803159, 0.5905184363737178, 0.6329231483631298, 0.6449965172974228
483, 0.7279175197426148, 0.5935680621014694, 0.6340840492221964, 0.6449965172974228
484, 0.7241152383737935, 0.5935680621014694, 0.6343162293940098, 0.6449965172974228
485, 0.7320122842936532, 0.5938453008039922, 0.6324587880195032, 0.6449965172974228
486, 0.7272594325826265, 0.592181868588855, 0.6347805897376364, 0.6449965172974228
487, 0.7299649020181339, 0.5913501524812864, 0.6340840492221964, 0.6449965172974228
488, 0.7235302720093595, 0.5935680621014694, 0.636638031112143, 0.6449965172974228
489, 0.7295992980403627, 0.5935680621014694, 0.6343162293940098, 0.6449965172974228
490, 0.7342059081602808, 0.5938453008039922, 0.6336196888785698, 0.6449965172974228
491, 0.7313541971336648, 0.5935680621014694, 0.635941490596703, 0.6449965172974228
492, 0.7275519157648436, 0.5916273911838092, 0.6354771302530764, 0.6449965172974228
493, 0.7267475870137468, 0.5913501524812864, 0.634548409565823, 0.6449965172974228
494, 0.7293799356537, 0.5924591072913779, 0.6357093104248898, 0.6449965172974228
495, 0.7293068148581456, 0.5910729137787635, 0.6331553285349432, 0.6449965172974228
496, 0.7289412108803743, 0.5932908233989465, 0.634548409565823, 0.6449965172974228
497, 0.7279906405381691, 0.5930135846964236, 0.6368702112839564, 0.6449965172974228
498, 0.7334747002047383, 0.5905184363737178, 0.6340840492221964, 0.6449965172974228
499, 0.7317929219069903, 0.5932908233989465, 0.633851869050383, 0.6449965172974228
500, 0.7236765136004679, 0.5902411976711949, 0.635941490596703, 0.6449965172974228
501, 0.7295992980403627, 0.5910729137787635, 0.6340840492221964, 0.6449965172974228
502, 0.7219216145071659, 0.5905184363737178, 0.635941490596703, 0.6449965172974228
503, 0.7320122842936532, 0.5927363459939008, 0.6336196888785698, 0.6449965172974228
504, 0.7358145656624744, 0.5924591072913779, 0.6340840492221964, 0.6449965172974228
505, 0.7309885931558935, 0.594399778209038, 0.637334571627583, 0.6449965172974228
506, 0.7309885931558935, 0.5938453008039922, 0.633851869050383, 0.6449965172974228
507, 0.7298186604270255, 0.594399778209038, 0.6361736707685164, 0.6449965172974228
508, 0.7301842644047968, 0.5935680621014694, 0.634548409565823, 0.6449965172974228
509, 0.734571512138052, 0.592181868588855, 0.6343162293940098, 0.6449965172974228
510, 0.7319391634980988, 0.5916273911838092, 0.6361736707685164, 0.6449965172974228
511, 0.7312810763381106, 0.5924591072913779, 0.6357093104248898, 0.6449965172974228
512, 0.7309154723603393, 0.5960632104241752, 0.6347805897376364, 0.6449965172974228
513, 0.7320854050892074, 0.5938453008039922, 0.6333875087067564, 0.6449965172974228
514, 0.7322316466803159, 0.596617687829221, 0.635244950081263, 0.6449965172974228
515, 0.7282100029248318, 0.5946770169115608, 0.6368702112839564, 0.6449965172974228
516, 0.7285024861070488, 0.5916273911838092, 0.634548409565823, 0.6449965172974228
517, 0.7314273179292191, 0.5913501524812864, 0.633851869050383, 0.6449965172974228
518, 0.7326703714536414, 0.5916273911838092, 0.6343162293940098, 0.6449965172974228
519, 0.7297455396314712, 0.5924591072913779, 0.6354771302530764, 0.6449965172974228
520, 0.7333284586136297, 0.5957859717216524, 0.6364058509403296, 0.6449965172974228
521, 0.7301842644047968, 0.5916273911838092, 0.634548409565823, 0.6449965172974228
